ID,y
0,129.18101501464844
6,158.47360229492188
7,134.0241241455078
9,136.65489196777344
13,162.52101135253906
18,137.7163543701172
24,165.77590942382812
25,152.47467041015625
27,145.4197540283203
30,146.1586151123047
31,145.15093994140625
32,149.38900756835938
34,133.93443298339844
36,147.22177124023438
37,124.09616088867188
38,135.40699768066406
39,167.54776000976562
40,134.95228576660156
44,178.3668212890625
47,129.5777587890625
48,134.95228576660156
49,134.95228576660156
50,160.70382690429688
52,135.59298706054688
54,134.3152618408203
60,138.5225372314453
61,128.09022521972656
62,117.94454956054688
66,153.58384704589844
67,186.42233276367188
68,174.9259490966797
70,139.4105682373047
74,152.27597045898438
75,138.68411254882812
79,144.37884521484375
80,125.42960357666016
81,166.42465209960938
86,113.02330017089844
90,117.61814880371094
92,141.65940856933594
100,135.0883331298828
102,156.28475952148438
106,145.92776489257812
107,112.95376586914062
108,171.73117065429688
109,154.5403594970703
112,113.02330017089844
116,181.52264404296875
118,142.46990966796875
119,156.0846710205078
124,135.59298706054688
125,149.7083282470703
127,143.2539825439453
128,145.23776245117188
129,143.33523559570312
130,161.7335205078125
131,166.7762908935547
133,122.71465301513672
134,151.7747344970703
136,142.4307098388672
139,136.9294891357422
141,149.7083282470703
143,139.97335815429688
145,146.74253845214844
146,148.943603515625
147,151.0953369140625
150,177.00791931152344
151,138.34426879882812
152,164.12261962890625
153,149.7083282470703
154,140.85232543945312
158,152.63275146484375
159,131.91482543945312
160,184.9951629638672
161,135.1268310546875
164,146.96693420410156
165,167.9317169189453
166,128.4621124267578
168,148.43678283691406
169,139.404296875
170,178.66763305664062
171,162.59947204589844
173,138.78366088867188
174,142.42184448242188
175,130.42979431152344
176,164.72662353515625
177,122.71465301513672
178,154.47256469726562
184,110.10284423828125
186,156.32273864746094
190,138.5225372314453
197,195.29722595214844
200,134.24050903320312
202,140.7913818359375
203,156.48995971679688
207,149.7083282470703
208,149.7083282470703
209,149.46046447753906
212,154.65484619140625
213,142.4246826171875
214,144.73623657226562
215,164.21133422851562
217,159.27395629882812
218,138.43617248535156
222,109.58131408691406
223,143.91830444335938
224,142.84051513671875
225,158.79684448242188
229,125.93050384521484
232,146.97964477539062
233,151.28387451171875
234,162.26885986328125
237,160.02728271484375
239,136.9294891357422
240,161.63223266601562
241,146.48129272460938
246,131.07559204101562
252,141.79718017578125
255,140.7913818359375
260,155.37498474121094
261,156.08969116210938
263,150.02516174316406
264,122.71465301513672
265,169.008544921875
268,149.16183471679688
269,152.4847869873047
270,157.11358642578125
271,143.05166625976562
274,144.54818725585938
277,121.98310852050781
278,161.98788452148438
281,155.52493286132812
282,168.50257873535156
284,156.21688842773438
286,149.16183471679688
287,169.008544921875
294,114.38095092773438
295,144.6768341064453
300,140.53347778320312
301,140.45248413085938
302,142.05865478515625
303,100.22850036621094
308,137.5281524658203
309,160.18670654296875
310,139.14739990234375
312,149.7083282470703
315,131.51466369628906
317,155.92535400390625
318,153.987548828125
319,113.02330017089844
320,137.32542419433594
321,155.73275756835938
322,149.7083282470703
323,190.76963806152344
325,126.31376647949219
326,159.2220458984375
328,158.19720458984375
331,167.22177124023438
332,127.86577606201172
333,136.1800537109375
334,172.06515502929688
335,154.57733154296875
336,139.71595764160156
341,162.03176879882812
342,145.80923461914062
344,140.70458984375
348,162.40866088867188
351,140.96914672851562
355,124.82170867919922
356,184.67495727539062
359,179.00222778320312
360,190.5406036376953
361,141.78204345703125
363,138.14620971679688
369,138.32345581054688
371,168.9780731201172
372,133.89187622070312
374,162.18067932128906
375,153.39796447753906
376,146.6951446533203
379,144.4312744140625
380,160.14703369140625
381,147.35646057128906
383,141.97250366210938
385,139.6446990966797
386,128.64083862304688
387,128.61627197265625
388,144.608642578125
389,177.74807739257812
391,165.29742431640625
394,163.79293823242188
397,131.9587860107422
398,159.41183471679688
400,148.45126342773438
401,138.66954040527344
402,158.81570434570312
403,142.27664184570312
404,120.42489624023438
405,162.41473388671875
407,145.93955993652344
411,156.06100463867188
414,163.61880493164062
415,168.11361694335938
416,126.8385238647461
417,161.69921875
418,150.32749938964844
422,133.8697052001953
423,140.96914672851562
424,140.96914672851562
425,131.7021942138672
426,137.88125610351562
427,171.03012084960938
428,142.04046630859375
429,159.42869567871094
431,169.1887664794922
432,139.74415588378906
433,168.03262329101562
435,159.18443298339844
441,147.36032104492188
442,139.14398193359375
444,142.12808227539062
445,152.06324768066406
447,154.87808227539062
449,151.24949645996094
450,146.66751098632812
451,170.23426818847656
454,159.23220825195312
455,160.25892639160156
456,127.51067352294922
461,155.40135192871094
463,151.9107666015625
466,147.85687255859375
468,161.97735595703125
469,119.44930267333984
470,146.59091186523438
474,172.61099243164062
476,138.22178649902344
477,133.70701599121094
478,127.81056213378906
479,147.29937744140625
481,140.2091522216797
482,166.13986206054688
483,140.70458984375
484,134.2202606201172
485,139.04234313964844
486,148.099853515625
487,147.5023956298828
489,144.33140563964844
494,158.15029907226562
495,115.61669158935547
496,155.28970336914062
503,157.94415283203125
504,180.97213745117188
505,136.26492309570312
507,132.8307342529297
508,142.19253540039062
509,157.69175720214844
513,106.24079895019531
514,162.13873291015625
515,164.40399169921875
517,179.8920440673828
520,166.88999938964844
523,168.16848754882812
524,162.25537109375
525,155.40707397460938
527,144.60354614257812
528,143.18093872070312
530,156.60264587402344
531,136.65716552734375
534,142.6287841796875
535,142.24122619628906
538,162.21632385253906
542,145.04638671875
544,145.30950927734375
545,142.77496337890625
549,149.28146362304688
550,129.06829833984375
553,148.9695587158203
554,148.45126342773438
555,155.2138671875
561,158.10531616210938
563,151.65939331054688
564,141.3560333251953
565,144.33140563964844
567,139.14398193359375
568,113.0157470703125
569,154.55734252929688
574,146.59091186523438
578,147.3524932861328
582,143.32235717773438
583,114.93018341064453
584,162.6423797607422
585,146.85504150390625
586,140.70458984375
587,138.77413940429688
588,153.780029296875
590,112.00587463378906
592,159.35421752929688
596,142.46395874023438
597,165.76309204101562
599,142.61753845214844
600,128.29736328125
601,161.2373809814453
603,136.95310974121094
605,154.10986328125
607,161.45452880859375
611,162.58111572265625
612,133.86065673828125
613,162.20965576171875
614,135.6427001953125
615,144.67486572265625
619,155.38748168945312
621,151.49073791503906
625,157.26072692871094
627,154.0108642578125
631,150.03097534179688
632,159.29324340820312
633,129.3561248779297
634,149.23052978515625
635,140.2091522216797
636,187.8543243408203
639,153.10910034179688
640,140.7654266357422
641,139.1436767578125
642,144.33140563964844
644,141.5926513671875
647,149.46505737304688
649,134.1608123779297
650,160.08511352539062
651,116.32249450683594
655,146.70602416992188
658,156.13323974609375
661,140.55245971679688
662,148.65756225585938
665,152.4973907470703
667,158.0064239501953
670,149.04612731933594
672,122.44774627685547
673,151.05043029785156
674,126.27203369140625
676,150.6175079345703
680,140.5819854736328
681,158.5546875
683,147.1812744140625
684,191.07208251953125
686,147.66989135742188
689,153.95864868164062
690,158.01287841796875
691,148.15084838867188
692,163.84814453125
694,141.1316375732422
695,143.4295654296875
697,133.86538696289062
699,143.54238891601562
700,143.9696044921875
702,140.84640502929688
703,122.89299011230469
706,146.8995361328125
707,144.85977172851562
708,142.36846923828125
713,148.97048950195312
718,143.5532989501953
719,160.1607666015625
722,138.97288513183594
723,160.18280029296875
727,135.41464233398438
729,153.674560546875
730,142.33306884765625
732,118.42832946777344
733,134.1342010498047
735,127.82905578613281
736,137.7708740234375
737,157.95265197753906
739,168.76385498046875
740,151.95928955078125
741,173.54348754882812
742,144.92520141601562
743,147.2283935546875
744,140.6100311279297
747,139.3023681640625
748,153.0154266357422
749,142.43724060058594
750,143.962890625
752,156.20782470703125
753,157.14495849609375
755,138.75762939453125
757,136.81919860839844
760,143.69715881347656
762,156.71511840820312
763,144.95770263671875
764,158.8626708984375
765,149.64627075195312
775,143.38568115234375
778,140.84640502929688
779,160.57664489746094
781,161.26779174804688
783,127.85435485839844
784,146.78811645507812
785,150.62118530273438
786,154.92959594726562
789,161.3153076171875
790,130.0814666748047
791,155.407470703125
794,114.0898666381836
795,173.43118286132812
796,141.2806396484375
797,161.9500732421875
799,156.20150756835938
801,138.91949462890625
802,136.03265380859375
803,154.24069213867188
804,139.84999084472656
805,189.7042236328125
807,147.7022247314453
808,157.62960815429688
810,149.25022888183594
813,155.67555236816406
815,167.3763427734375
819,127.42768096923828
821,143.962890625
822,135.12091064453125
824,144.15432739257812
825,137.26895141601562
826,142.5037384033203
827,134.47369384765625
828,131.95040893554688
832,140.84640502929688
833,143.5323944091797
835,159.38677978515625
836,146.54736328125
837,190.76524353027344
838,140.6414031982422
840,122.80001831054688
842,134.39968872070312
843,151.8203887939453
846,151.54737854003906
847,140.44129943847656
849,175.73878479003906
853,144.95309448242188
857,135.28659057617188
858,141.73953247070312
860,142.98863220214844
862,149.97959899902344
863,171.49703979492188
868,134.2757568359375
870,140.44129943847656
873,166.06613159179688
874,158.37164306640625
875,154.70278930664062
876,119.51629638671875
877,148.58131408691406
878,136.96176147460938
879,147.96261596679688
880,145.81546020507812
881,140.84640502929688
884,172.05819702148438
886,146.7640380859375
887,165.07296752929688
889,134.39968872070312
890,119.00969696044922
891,158.99856567382812
892,151.14328002929688
894,158.21920776367188
895,146.78811645507812
896,140.84640502929688
897,148.48788452148438
898,155.23020935058594
899,128.63636779785156
900,129.67166137695312
902,156.52597045898438
906,169.58811950683594
907,162.05921936035156
908,138.95773315429688
909,148.3173828125
912,144.33108520507812
913,140.44129943847656
915,144.92520141601562
916,138.75279235839844
917,150.27740478515625
919,122.80001831054688
920,139.617431640625
922,142.06094360351562
923,124.14221954345703
924,144.15432739257812
925,145.41867065429688
926,156.20782470703125
927,138.08087158203125
930,157.28250122070312
931,140.20220947265625
936,176.32199096679688
938,141.35031127929688
945,120.04901885986328
946,146.34791564941406
948,131.02334594726562
950,146.32571411132812
955,130.34384155273438
956,119.56454467773438
958,140.44129943847656
961,153.8858642578125
962,140.44129943847656
964,111.94352722167969
966,134.95033264160156
968,152.5509490966797
969,150.45350646972656
970,158.1217041015625
976,156.02603149414062
977,159.4446258544922
979,145.0123748779297
982,142.89691162109375
983,154.70278930664062
985,112.48651123046875
987,135.63186645507812
991,159.9027099609375
993,152.103271484375
994,142.86978149414062
995,140.66690063476562
997,155.5079345703125
998,148.3173828125
1005,159.81137084960938
1006,164.18402099609375
1007,193.06503295898438
1011,145.94161987304688
1017,148.3173828125
1018,146.5518798828125
1023,154.3262481689453
1026,162.10696411132812
1031,143.41282653808594
1032,159.08273315429688
1034,152.65762329101562
1035,136.74673461914062
1039,190.83270263671875
1040,127.66383361816406
1041,191.012939453125
1046,148.2135467529297
1048,160.33663940429688
1049,141.62254333496094
1052,140.6623077392578
1053,167.87522888183594
1055,153.11419677734375
1058,164.9601287841797
1060,136.35995483398438
1061,138.74520874023438
1065,198.96640014648438
1067,123.25112915039062
1068,153.92630004882812
1069,120.79325103759766
1071,162.92779541015625
1072,133.16744995117188
1073,157.65896606445312
1074,129.4849395751953
1075,175.89547729492188
1079,162.40936279296875
1081,167.6585693359375
1084,157.72299194335938
1085,141.3168487548828
1086,159.6456298828125
1087,125.1981201171875
1088,169.17950439453125
1090,133.06729125976562
1092,136.2139129638672
1094,153.7158966064453
1095,122.08763122558594
1096,154.9980010986328
1098,118.74552917480469
1100,154.90985107421875
1102,158.84368896484375
1105,134.93685913085938
1107,154.76519775390625
1108,140.2877197265625
1113,127.44693756103516
1115,169.48171997070312
1118,149.76300048828125
1119,127.44693756103516
1121,143.29705810546875
1122,159.8152618408203
1123,151.1797637939453
1127,144.96694946289062
1128,159.8609619140625
1129,140.63699340820312
1130,149.21755981445312
1131,168.85580444335938
1132,138.8671875
1133,156.059326171875
1135,154.47256469726562
1136,157.18862915039062
1139,144.61221313476562
1140,128.7288818359375
1141,158.78005981445312
1142,146.83807373046875
1143,146.9222412109375
1147,162.0181427001953
1149,111.24012756347656
1151,145.2947998046875
1156,142.69223022460938
1158,152.92410278320312
1159,139.13522338867188
1160,134.564697265625
1161,159.5191650390625
1163,151.7858123779297
1164,131.1072998046875
1170,141.3168487548828
1175,148.6883544921875
1179,144.58636474609375
1180,145.16458129882812
1181,171.1367645263672
1183,140.870849609375
1184,136.07447814941406
1185,137.90838623046875
1190,131.41639709472656
1193,122.51387786865234
1194,166.1199951171875
1195,141.0020294189453
1196,155.09268188476562
1199,141.3944091796875
1202,157.98089599609375
1204,141.5996551513672
1205,154.5050048828125
1206,140.80410766601562
1207,156.74630737304688
1208,154.90985107421875
1210,140.80258178710938
1211,140.83114624023438
1212,125.1981201171875
1213,145.75347900390625
1215,168.85580444335938
1216,159.16738891601562
1217,126.26005554199219
1219,167.4259796142578
1220,158.48684692382812
1221,159.8862762451172
1223,133.12734985351562
1224,139.8233184814453
1225,126.17240905761719
1227,144.7944793701172
1229,137.96527099609375
1231,140.80258178710938
1234,164.40155029296875
1235,138.74520874023438
1237,151.3260955810547
1239,141.1638946533203
1240,140.00192260742188
1242,140.34024047851562
1243,156.24212646484375
1245,144.61282348632812
1248,133.09646606445312
1249,152.4073486328125
1252,144.11264038085938
1253,134.32394409179688
1261,119.83242797851562
1262,159.0133056640625
1264,142.75045776367188
1265,164.72042846679688
1266,142.13731384277344
1269,142.88914489746094
1270,170.9044647216797
1273,140.66140747070312
1278,155.49972534179688
1280,124.943359375
1284,155.62612915039062
1287,137.66073608398438
1288,140.16290283203125
1290,140.87506103515625
1291,191.08364868164062
1292,144.45309448242188
1293,118.55750274658203
1294,161.3465576171875
1295,131.129638671875
1297,159.31581115722656
1298,153.59884643554688
1300,149.14306640625
1302,140.39950561523438
1303,127.33941650390625
1304,145.82293701171875
1305,132.85171508789062
1309,151.02645874023438
1310,158.71127319335938
1311,117.32649230957031
1312,147.40081787109375
1318,141.09974670410156
1320,143.18499755859375
1321,141.09974670410156
1322,171.664306640625
1326,141.37478637695312
1327,146.43373107910156
1333,146.8976593017578
1334,141.09974670410156
1335,153.2554931640625
1336,141.1571044921875
1341,157.72360229492188
1342,140.78929138183594
1344,146.33901977539062
1345,162.81980895996094
1346,141.1571044921875
1350,111.07472229003906
1351,147.40179443359375
1353,141.1571044921875
1355,163.27597045898438
1356,157.72360229492188
1357,146.576416015625
1358,127.81147766113281
1361,156.28903198242188
1362,156.22564697265625
1367,99.82502746582031
1368,147.7313690185547
1369,156.25003051757812
1370,152.06207275390625
1371,163.52670288085938
1373,150.44485473632812
1374,144.7284393310547
1377,145.6636962890625
1382,161.97518920898438
1383,136.75967407226562
1385,141.20252990722656
1386,133.68295288085938
1389,140.78929138183594
1390,154.26771545410156
1391,164.8304443359375
1393,140.78929138183594
1397,143.39752197265625
1402,130.10260009765625
1405,132.85171508789062
1409,155.8251495361328
1411,140.11557006835938
1414,133.68295288085938
1416,166.10137939453125
1417,162.30160522460938
1418,129.46185302734375
1419,163.37063598632812
1421,136.43930053710938
1428,134.9987030029297
1433,144.4044647216797
1435,152.310546875
1436,169.9229278564453
1439,138.2921142578125
1443,129.1536407470703
1447,163.65159606933594
1449,150.4422149658203
1450,137.49684143066406
1451,164.72140502929688
1452,124.943359375
1457,129.43630981445312
1460,142.25479125976562
1462,152.56948852539062
1463,171.8177947998047
1464,147.44448852539062
1467,152.05746459960938
1468,141.95437622070312
1470,157.50949096679688
1471,128.47146606445312
1473,144.7284393310547
1475,155.04013061523438
1476,151.08932495117188
1478,154.08412170410156
1480,146.73776245117188
1481,134.8525390625
1484,159.1192626953125
1485,159.31581115722656
1486,168.11683654785156
1489,105.74282836914062
1491,158.9340057373047
1493,159.80239868164062
1495,151.19802856445312
1498,135.9886474609375
1500,122.22505187988281
1501,128.02999877929688
1503,140.73062133789062
1504,142.29916381835938
1505,150.00746154785156
1506,158.08348083496094
1510,122.72640228271484
1515,154.646728515625
1516,124.943359375
1517,136.7539520263672
1520,125.74488830566406
1521,152.24583435058594
1523,124.943359375
1525,161.8863525390625
1526,162.0523681640625
1528,156.12893676757812
1530,141.25314331054688
1531,149.93687438964844
1533,146.31976318359375
1534,153.43798828125
1535,153.70542907714844
1538,153.6989288330078
1540,187.04248046875
1541,139.2880859375
1546,146.33901977539062
1547,124.03470611572266
1548,169.30706787109375
1549,139.05426025390625
1552,154.49307250976562
1553,166.85769653320312
1555,155.4524383544922
1557,129.7674560546875
1558,152.59925842285156
1561,137.31443786621094
1563,122.70343780517578
1564,169.30706787109375
1565,127.3243179321289
1568,146.7200927734375
1572,146.1450653076172
1573,152.80760192871094
1575,144.51370239257812
1576,146.22003173828125
1577,144.53231811523438
1579,129.05612182617188
1581,138.75282287597656
1582,163.922607421875
1589,151.50814819335938
1591,146.11990356445312
1593,125.74488830566406
1594,160.8876495361328
1595,126.16644287109375
1597,153.6989288330078
1600,138.447509765625
1601,176.1625518798828
1602,146.33901977539062
1603,138.04949951171875
1605,154.33737182617188
1610,135.9886474609375
1612,115.14226531982422
1614,145.5167236328125
1615,124.1334228515625
1617,147.69512939453125
1618,160.43357849121094
1623,146.3834228515625
1624,144.4044647216797
1626,143.99154663085938
1628,150.7333984375
1630,146.56768798828125
1631,151.97781372070312
1632,130.9757080078125
1633,111.35470581054688
1635,148.59547424316406
1637,139.2383575439453
1640,146.8567352294922
1642,161.42137145996094
1649,124.943359375
1650,142.35842895507812
1651,133.68295288085938
1654,138.1756591796875
1655,135.9886474609375
1657,144.47642517089844
1660,158.68460083007812
1662,145.44668579101562
1671,171.4202423095703
1673,161.98475646972656
1675,144.3417205810547
1676,148.604736328125
1681,170.45042419433594
1682,145.7001953125
1684,156.7994384765625
1685,147.89370727539062
1688,136.7539520263672
1694,163.8809051513672
1698,143.2581787109375
1699,150.50210571289062
1705,148.2696990966797
1709,110.7684326171875
1712,163.2711181640625
1714,126.27021789550781
1715,177.91366577148438
1716,135.9886474609375
1718,144.4789581298828
1721,111.07472229003906
1723,154.49307250976562
1724,149.31735229492188
1728,146.3834228515625
1732,144.10235595703125
1736,156.29505920410156
1737,151.9356689453125
1739,130.14801025390625
1740,127.43247985839844
1741,146.06214904785156
1743,147.30471801757812
1744,115.70330810546875
1746,161.83352661132812
1748,154.21279907226562
1750,126.20994567871094
1757,151.02005004882812
1765,138.60064697265625
1767,139.28890991210938
1770,120.20851135253906
1776,139.08767700195312
1778,155.8832550048828
1781,159.29844665527344
1782,157.69749450683594
1783,165.35177612304688
1784,160.34375
1785,139.93630981445312
1786,170.81069946289062
1789,160.90171813964844
1791,154.21279907226562
1792,113.02203369140625
1793,145.28594970703125
1794,159.02529907226562
1795,146.33450317382812
1797,150.42506408691406
1798,139.1564178466797
1799,145.70413208007812
1800,158.0522918701172
1802,161.14132690429688
1804,124.30493927001953
1805,137.86538696289062
1806,150.7793426513672
1808,164.37242126464844
1810,134.05703735351562
1811,140.88766479492188
1817,133.74801635742188
1819,151.9429931640625
1823,147.88217163085938
1824,137.6518096923828
1827,145.95849609375
1829,148.37863159179688
1830,147.85763549804688
1832,149.06402587890625
1833,141.11648559570312
1834,165.96487426757812
1835,140.80288696289062
1838,162.68894958496094
1839,134.6466522216797
1840,191.04531860351562
1842,143.93289184570312
1843,133.88319396972656
1845,184.4217987060547
1846,161.21441650390625
1847,149.7931671142578
1849,115.27593231201172
1850,153.76171875
1855,148.34317016601562
1857,139.73733520507812
1858,148.60162353515625
1862,145.3687744140625
1864,147.478515625
1869,124.94853210449219
1870,142.41639709472656
1871,151.01043701171875
1873,151.87490844726562
1874,146.61886596679688
1875,126.68804931640625
1876,153.0219268798828
1877,153.88644409179688
1878,138.30804443359375
1881,129.69635009765625
1883,143.65213012695312
1884,147.21029663085938
1886,122.1009292602539
1889,166.3280792236328
1891,136.7298126220703
1892,164.19833374023438
1893,134.23660278320312
1898,147.56350708007812
1899,155.04830932617188
1903,153.7660675048828
1904,143.5174560546875
1907,132.83721923828125
1908,142.8265380859375
1909,135.21510314941406
1910,146.36184692382812
1911,169.1957244873047
1913,141.00917053222656
1914,168.26890563964844
1919,155.21755981445312
1921,122.46327209472656
1922,157.62008666992188
1926,151.9008026123047
1927,158.06500244140625
1928,142.56716918945312
1929,121.43866729736328
1931,149.601318359375
1936,146.6036376953125
1937,135.68582153320312
1938,149.92274475097656
1939,124.81483459472656
1946,141.0261993408203
1947,145.22238159179688
1950,158.2012481689453
1951,139.28890991210938
1953,148.01568603515625
1956,142.57957458496094
1957,143.34999084472656
1961,190.95114135742188
1962,149.72445678710938
1964,160.436767578125
1966,141.82122802734375
1967,139.67691040039062
1970,165.70626831054688
1974,145.8378143310547
1976,162.3562469482422
1980,139.30722045898438
1983,156.87628173828125
1984,155.6514892578125
1985,142.144287109375
1986,169.8619384765625
1989,160.90484619140625
1990,148.8128204345703
1991,154.28433227539062
1992,154.0187530517578
1994,136.94927978515625
1995,141.42967224121094
1996,162.6026611328125
1998,118.13226318359375
2000,126.08878326416016
2005,143.5036163330078
2008,184.451171875
2011,157.38720703125
2012,155.39865112304688
2014,154.0277557373047
2015,161.99871826171875
2016,155.50225830078125
2017,125.7296142578125
2019,144.83375549316406
2020,134.23660278320312
2021,143.779052734375
2023,146.70632934570312
2027,154.0771484375
2028,144.07884216308594
2029,153.9608612060547
2034,175.83306884765625
2038,139.6847686767578
2039,144.9884490966797
2041,143.56765747070312
2042,159.82571411132812
2045,113.02203369140625
2047,137.9838104248047
2048,122.1009292602539
2049,130.24826049804688
2050,195.06948852539062
2051,153.88644409179688
2052,110.92117309570312
2053,128.345703125
2057,143.45225524902344
2058,157.36932373046875
2061,147.19561767578125
2064,146.39886474609375
2065,151.05325317382812
2068,122.1009292602539
2069,143.29434204101562
2070,165.99398803710938
2071,138.75665283203125
2077,163.9775848388672
2078,113.02203369140625
2079,149.52880859375
2081,139.28890991210938
2083,141.32325744628906
2084,157.62008666992188
2086,140.07321166992188
2088,154.57363891601562
2089,146.16683959960938
2090,159.26953125
2094,130.74356079101562
2095,157.37359619140625
2096,182.4932861328125
2097,132.5712127685547
2099,153.5830535888672
2100,147.52798461914062
2104,131.97645568847656
2108,152.52639770507812
2109,149.2276611328125
2111,145.5857391357422
2112,165.49905395507812
2113,149.4576416015625
2116,158.08370971679688
2121,136.73696899414062
2124,146.85073852539062
2125,169.1957244873047
2130,181.68820190429688
2131,142.16015625
2133,156.62075805664062
2134,168.07882690429688
2136,170.08035278320312
2137,169.12319946289062
2140,155.3295135498047
2143,146.59405517578125
2144,142.2622833251953
2145,146.90133666992188
2147,145.84474182128906
2148,150.3115692138672
2149,164.12106323242188
2150,141.45619201660156
2152,156.9959259033203
2153,154.96194458007812
2154,151.91317749023438
2155,117.43589782714844
2156,111.56333923339844
2158,146.7440948486328
2160,154.01405334472656
2161,154.00759887695312
2163,137.2167510986328
2165,164.30679321289062
2166,137.1216278076172
2169,161.10614013671875
2170,162.77252197265625
2172,132.80416870117188
2176,137.77793884277344
2177,168.95205688476562
2179,137.01113891601562
2181,147.92776489257812
2182,161.0225830078125
2183,140.57675170898438
2184,142.03787231445312
2186,162.48121643066406
2187,149.13336181640625
2188,154.88278198242188
2191,173.85755920410156
2193,111.55370330810547
2195,160.6858673095703
2196,137.1216278076172
2197,136.71873474121094
2198,171.91461181640625
2199,154.21951293945312
2202,151.3624267578125
2206,145.11109924316406
2207,160.3077392578125
2208,145.9998321533203
2210,161.66482543945312
2211,136.90171813964844
2212,142.4615478515625
2217,140.3278350830078
2221,117.52442932128906
2224,161.860595703125
2227,154.56777954101562
2228,157.27084350585938
2229,165.7333984375
2231,172.0572509765625
2232,160.17556762695312
2238,144.049072265625
2239,152.77569580078125
2242,136.9366912841797
2243,137.35498046875
2244,137.1216278076172
2245,136.78939819335938
2246,154.96194458007812
2247,134.29522705078125
2251,142.59771728515625
2255,190.458251953125
2257,146.87368774414062
2260,169.7064666748047
2261,140.4183807373047
2263,149.88287353515625
2264,125.24226379394531
2267,158.07437133789062
2268,121.34725952148438
2270,160.43092346191406
2272,122.58413696289062
2276,154.56777954101562
2278,147.34030151367188
2281,145.74905395507812
2284,145.8099365234375
2285,138.29074096679688
2286,138.58200073242188
2287,146.14889526367188
2290,165.6396484375
2293,162.45274353027344
2294,172.10928344726562
2295,169.7064666748047
2296,137.34072875976562
2302,138.67141723632812
2303,111.213623046875
2307,154.56777954101562
2310,150.00177001953125
2313,131.59019470214844
2314,160.4688720703125
2315,151.21444702148438
2317,111.213623046875
2318,123.78276824951172
2319,131.30606079101562
2320,146.802490234375
2323,133.03663635253906
2324,148.52169799804688
2327,141.2232208251953
2328,163.21099853515625
2336,149.13336181640625
2339,121.43635559082031
2341,167.236083984375
2343,141.2232208251953
2344,145.26467895507812
2346,141.7381591796875
2347,144.0026397705078
2348,151.74502563476562
2350,111.55730438232422
2353,156.23660278320312
2356,142.9150390625
2359,156.64324951171875
2362,159.35623168945312
2363,158.7625732421875
2365,148.03787231445312
2367,144.1591796875
2368,144.94976806640625
2372,132.32156372070312
2375,133.58392333984375
2377,123.85383605957031
2379,111.213623046875
2380,152.4938201904297
2381,128.64141845703125
2384,131.52723693847656
2385,156.02182006835938
2388,137.10032653808594
2391,161.54171752929688
2393,150.21749877929688
2394,146.5716094970703
2395,180.11953735351562
2396,155.37474060058594
2397,151.49954223632812
2403,167.2595977783203
2405,159.89797973632812
2406,142.79730224609375
2410,156.23309326171875
2411,131.71206665039062
2414,125.93246459960938
2416,133.26272583007812
2417,183.3949737548828
2418,166.95065307617188
2419,158.23336791992188
2421,186.90774536132812
2424,142.32260131835938
2425,145.11109924316406
2427,140.72506713867188
2428,138.666748046875
2429,171.39854431152344
2430,154.56777954101562
2431,139.84893798828125
2433,169.8721466064453
2437,153.6732940673828
2439,158.2269287109375
2441,137.55062866210938
2442,159.16673278808594
2445,162.00442504882812
2446,142.0115966796875
2448,154.21951293945312
2449,154.96194458007812
2451,126.2381362915039
2452,122.92250061035156
2453,154.56777954101562
2456,132.3565673828125
2457,148.66842651367188
2458,154.62628173828125
2461,139.42904663085938
2462,161.10614013671875
2464,163.20272827148438
2466,143.32754516601562
2467,140.578369140625
2470,154.96194458007812
2471,148.03787231445312
2472,129.65399169921875
2473,148.03787231445312
2475,154.180419921875
2476,145.6331024169922
2477,151.30718994140625
2479,159.02194213867188
2482,137.87152099609375
2483,176.619384765625
2484,132.31240844726562
2485,129.60626220703125
2486,159.92459106445312
2487,158.44757080078125
2488,139.07568359375
2491,152.5010986328125
2493,201.18092346191406
2494,138.0703125
2495,154.1993408203125
2498,124.17291259765625
2499,198.64048767089844
2501,126.38418579101562
2502,111.48831176757812
2503,122.48930358886719
2504,144.28172302246094
2506,147.3990478515625
2511,159.5254669189453
2512,132.67849731445312
2514,153.16590881347656
2516,154.6319122314453
2517,127.14024353027344
2522,125.0214614868164
2524,130.06973266601562
2526,160.1387939453125
2527,158.97833251953125
2528,156.65773010253906
2531,159.02194213867188
2532,126.56327056884766
2534,125.55530548095703
2536,137.08370971679688
2537,159.79409790039062
2539,127.50707244873047
2540,196.32525634765625
2541,144.28172302246094
2542,119.13546752929688
2543,150.7653350830078
2545,130.83273315429688
2546,128.97463989257812
2547,161.101318359375
2548,114.61727905273438
2549,160.56930541992188
2550,177.07391357421875
2551,133.31973266601562
2552,156.8084716796875
2554,133.46746826171875
2555,161.101318359375
2557,130.83273315429688
2566,131.02059936523438
2568,140.24017333984375
2569,132.1748046875
2570,162.36984252929688
2571,154.5755615234375
2573,159.02194213867188
2574,137.37127685546875
2581,139.49456787109375
2584,132.0510711669922
2585,165.065185546875
2586,146.59474182128906
2588,136.5230712890625
2592,141.69435119628906
2593,158.4839324951172
2595,111.12789916992188
2596,141.6519775390625
2601,148.48838806152344
2605,154.29501342773438
2609,162.22509765625
2610,147.44461059570312
2611,166.58543395996094
2612,158.9669189453125
2616,143.87843322753906
2618,136.5230712890625
2619,144.14370727539062
2621,145.92776489257812
2622,148.6072540283203
2625,134.67819213867188
2626,136.84255981445312
2628,153.3197021484375
2631,155.24131774902344
2633,168.00247192382812
2634,167.81204223632812
2635,155.73788452148438
2637,131.73406982421875
2638,150.0031280517578
2641,123.84829711914062
2643,149.13818359375
2645,129.38894653320312
2648,137.493408203125
2651,156.30288696289062
2654,161.36138916015625
2656,163.38043212890625
2658,148.77886962890625
2660,111.18766784667969
2661,140.31558227539062
2666,199.89710998535156
2667,156.7852783203125
2668,159.49432373046875
2669,139.63729858398438
2673,135.557373046875
2674,136.3488311767578
2676,141.62098693847656
2678,121.72140502929688
2680,134.58056640625
2681,125.3637924194336
2682,144.90411376953125
2686,168.37290954589844
2687,148.22006225585938
2691,146.86776733398438
2692,139.27899169921875
2695,149.6379852294922
2696,147.6910400390625
2698,126.61827087402344
2700,155.82015991210938
2701,168.64212036132812
2702,166.30343627929688
2704,168.31845092773438
2706,154.30215454101562
2707,170.75048828125
2708,164.5361328125
2716,169.66400146484375
2719,122.12301635742188
2722,143.64736938476562
2723,180.61468505859375
2724,122.75103759765625
2725,158.72267150878906
2727,123.09178161621094
2729,158.33192443847656
2730,175.81005859375
2733,158.44309997558594
2735,129.18447875976562
2740,151.18829345703125
2741,152.689453125
2742,169.790283203125
2743,154.92613220214844
2744,121.39441680908203
2745,150.5850372314453
2747,144.8603515625
2748,165.05230712890625
2750,177.47988891601562
2754,172.42816162109375
2755,152.45968627929688
2756,139.42355346679688
2761,160.86431884765625
2763,157.82354736328125
2766,149.92498779296875
2767,155.84661865234375
2768,144.05580139160156
2770,140.96673583984375
2772,163.2452392578125
2773,162.67127990722656
2775,116.53659057617188
2780,124.90150451660156
2781,135.4874725341797
2783,155.30860900878906
2785,175.93618774414062
2786,150.4256134033203
2788,131.5333251953125
2790,147.12387084960938
2791,154.5110321044922
2793,159.56646728515625
2794,148.3509979248047
2795,136.8758544921875
2796,148.77886962890625
2797,155.20046997070312
2803,153.73971557617188
2805,159.02194213867188
2806,177.5761260986328
2810,163.5142822265625
2813,123.12065887451172
2815,154.29501342773438
2819,161.08790588378906
2825,129.0579071044922
2827,166.44293212890625
2828,155.4417724609375
2830,159.64834594726562
2831,161.101318359375
2832,157.02166748046875
2833,143.05490112304688
2836,160.01502990722656
2837,146.61109924316406
2843,143.44219970703125
2844,154.89431762695312
2845,140.88845825195312
2847,147.58737182617188
2852,137.1041717529297
2855,145.44766235351562
2856,146.83990478515625
2857,153.62921142578125
2859,164.27276611328125
2860,165.0736083984375
2862,176.6197052001953
2863,139.74755859375
2869,140.51922607421875
2871,138.37612915039062
2872,168.46148681640625
2873,139.33261108398438
2874,129.3059539794922
2875,128.8783721923828
2876,171.48519897460938
2879,158.43121337890625
2881,161.101318359375
2886,130.88333129882812
2894,122.70967102050781
2895,187.20770263671875
2896,129.59817504882812
2897,158.588623046875
2902,152.5238800048828
2903,161.48123168945312
2904,149.2344970703125
2905,169.5745391845703
2906,141.5994110107422
2907,134.58114624023438
2908,152.34524536132812
2912,154.84716796875
2915,150.45867919921875
2916,156.73809814453125
2917,151.85711669921875
2924,146.42855834960938
2928,155.6346893310547
2930,149.64474487304688
2931,160.16146850585938
2932,126.19580078125
2935,163.30926513671875
2937,135.83273315429688
2938,138.03981018066406
2939,140.09259033203125
2940,161.77554321289062
2944,140.05307006835938
2946,134.83596801757812
2947,140.11825561523438
2948,160.5528106689453
2949,144.3543701171875
2952,138.4349365234375
2957,167.15672302246094
2958,135.4642791748047
2959,156.5851593017578
2961,134.640380859375
2965,169.38922119140625
2970,120.59562683105469
2973,140.11825561523438
2976,146.52053833007812
2978,160.52456665039062
2979,172.5281982421875
2982,159.56825256347656
2988,131.34420776367188
2993,130.33718872070312
2994,113.33596801757812
2997,153.79693603515625
2998,168.87721252441406
2999,160.6306610107422
3000,158.60060119628906
3001,146.34217834472656
3003,129.31219482421875
3007,156.89248657226562
3008,156.43490600585938
3009,155.03189086914062
3012,130.1903076171875
3013,138.88308715820312
3019,136.69570922851562
3020,145.93167114257812
3022,122.30723571777344
3023,162.90289306640625
3025,129.98590087890625
3026,152.6068878173828
3027,142.86624145507812
3029,153.51358032226562
3031,152.358642578125
3033,146.14291381835938
3034,139.88902282714844
3035,153.02206420898438
3036,144.29104614257812
3037,127.78472900390625
3038,146.92909240722656
3042,147.9234161376953
3045,156.9222869873047
3047,136.69570922851562
3048,136.2796173095703
3049,159.18222045898438
3050,171.40460205078125
3051,159.7256622314453
3052,136.34613037109375
3053,147.86474609375
3054,143.97064208984375
3057,131.34420776367188
3060,140.20513916015625
3062,136.973388671875
3064,166.1524658203125
3065,181.46331787109375
3070,127.76242065429688
3071,136.09185791015625
3075,155.45816040039062
3076,126.42280578613281
3078,142.43540954589844
3079,172.4945068359375
3080,155.47537231445312
3081,131.00103759765625
3083,114.78768157958984
3086,168.87721252441406
3087,158.7894744873047
3089,128.5279998779297
3090,163.1883087158203
3095,156.11752319335938
3099,147.4124298095703
3100,163.79444885253906
3101,148.40972900390625
3103,126.06707763671875
3104,156.43490600585938
3105,133.84048461914062
3107,147.03160095214844
3108,121.39402770996094
3110,167.0234832763672
3114,147.0311279296875
3118,154.01089477539062
3119,144.30099487304688
3120,157.41806030273438
3128,165.3057861328125
3131,99.24589538574219
3133,143.78648376464844
3136,140.93502807617188
3139,160.2617950439453
3141,154.47518920898438
3142,132.8028106689453
3143,156.80052185058594
3153,172.29306030273438
3154,130.96673583984375
3157,157.82144165039062
3158,164.86871337890625
3160,148.33644104003906
3164,138.20709228515625
3166,153.30072021484375
3167,153.59890747070312
3168,166.92616271972656
3169,140.53021240234375
3170,132.62774658203125
3171,180.04397583007812
3174,134.6751708984375
3175,149.7799530029297
3178,144.3543701171875
3180,144.87672424316406
3181,148.57528686523438
3182,127.54708099365234
3184,150.6544189453125
3185,120.68214416503906
3188,147.03160095214844
3191,132.62774658203125
3195,175.20797729492188
3196,154.4541778564453
3199,148.31982421875
3203,145.91810607910156
3207,173.77401733398438
3209,148.31982421875
3215,154.2384796142578
3217,141.08663940429688
3218,148.23391723632812
3222,146.78204345703125
3223,143.50772094726562
3224,148.62493896484375
3225,146.92909240722656
3230,174.05079650878906
3231,141.62037658691406
3235,136.71482849121094
3237,127.69820404052734
3241,163.96035766601562
3242,158.7894744873047
3243,166.40870666503906
3244,149.08761596679688
3245,142.9659423828125
3246,143.9747314453125
3248,157.87588500976562
3250,151.76051330566406
3251,136.2371368408203
3258,152.38534545898438
3259,158.22093200683594
3260,165.59857177734375
3261,145.53909301757812
3265,144.58047485351562
3268,139.8577423095703
3270,172.05421447753906
3271,167.76498413085938
3273,161.103271484375
3276,152.4256591796875
3278,124.7249984741211
3281,130.80624389648438
3282,121.18712615966797
3284,136.1109619140625
3286,149.64474487304688
3289,176.32833862304688
3292,154.58859252929688
3293,143.4024200439453
3294,169.38922119140625
3295,154.4541778564453
3296,176.12234497070312
3297,146.83462524414062
3300,132.931884765625
3301,154.25784301757812
3305,158.88766479492188
3306,154.58358764648438
3308,107.81268310546875
3310,136.69570922851562
3311,134.22470092773438
3312,171.32057189941406
3313,161.0553741455078
3315,145.30039978027344
3318,176.44631958007812
3323,117.80686950683594
3325,144.01132202148438
3327,146.14498901367188
3328,117.64021301269531
3332,136.00942993164062
3333,137.08114624023438
3334,159.12265014648438
3336,145.3074951171875
3342,164.30242919921875
3344,150.4835968017578
3345,125.59468078613281
3347,115.2170639038086
3349,117.71544647216797
3350,145.34622192382812
3353,126.05717468261719
3354,164.03048706054688
3357,146.44430541992188
3361,150.78121948242188
3362,119.22252655029297
3363,161.3189239501953
3364,162.11065673828125
3365,136.60317993164062
3366,155.36973571777344
3367,116.8092041015625
3368,165.85694885253906
3369,136.72677612304688
3370,168.93844604492188
3373,145.09906005859375
3375,147.20724487304688
3376,119.03245544433594
3379,191.2452392578125
3381,120.97032165527344
3383,145.88800048828125
3384,160.60015869140625
3385,152.19981384277344
3387,155.499267578125
3388,140.1513671875
3390,158.49896240234375
3392,151.15469360351562
3396,148.60171508789062
3401,134.6048583984375
3402,145.26422119140625
3403,167.60096740722656
3405,148.69906616210938
3406,151.829833984375
3408,160.68104553222656
3410,150.67279052734375
3411,161.232177734375
3412,159.98239135742188
3413,144.50228881835938
3414,166.5553741455078
3415,155.51075744628906
3416,147.0305633544922
3417,137.12510681152344
3418,139.5050048828125
3420,115.79566192626953
3422,169.30458068847656
3423,155.6859588623047
3424,154.71041870117188
3426,148.49432373046875
3430,144.6278076171875
3432,150.91001892089844
3433,126.80744934082031
3434,169.30458068847656
3437,121.07194519042969
3438,150.20294189453125
3440,144.35348510742188
3447,164.2487335205078
3448,122.22030639648438
3450,150.2220458984375
3451,173.47393798828125
3452,136.45974731445312
3454,181.1480712890625
3455,133.80104064941406
3456,147.92564392089844
3458,136.17654418945312
3459,158.71292114257812
3463,145.08282470703125
3471,159.27386474609375
3474,163.36070251464844
3477,122.75839233398438
3480,158.64109802246094
3481,139.22103881835938
3482,139.02833557128906
3486,159.36669921875
3489,153.46702575683594
3490,146.98367309570312
3491,160.95269775390625
3492,148.31341552734375
3493,138.84628295898438
3494,139.4002685546875
3495,166.04766845703125
3498,160.813720703125
3502,168.6453094482422
3503,156.15501403808594
3505,135.8790283203125
3506,146.8505859375
3507,141.2061004638672
3509,113.13261413574219
3510,138.65399169921875
3513,134.62301635742188
3514,135.50711059570312
3516,144.27633666992188
3519,149.7539520263672
3520,168.1300506591797
3521,198.64401245117188
3522,147.03274536132812
3523,153.40036010742188
3524,152.43563842773438
3525,176.59759521484375
3527,141.07838439941406
3541,158.95233154296875
3542,137.87083435058594
3543,138.983154296875
3544,161.89462280273438
3547,159.0103759765625
3548,147.39488220214844
3549,137.9114990234375
3552,151.35458374023438
3555,139.54962158203125
3556,155.4163360595703
3560,164.58908081054688
3566,145.73513793945312
3568,136.45974731445312
3569,171.38711547851562
3570,177.11859130859375
3573,122.22030639648438
3575,172.14170837402344
3580,160.68104553222656
3581,119.00050354003906
3582,136.72677612304688
3584,144.35348510742188
3588,146.27609252929688
3589,136.72677612304688
3590,159.5966339111328
3591,163.36734008789062
3592,141.6165771484375
3596,152.80709838867188
3597,146.46009826660156
3598,141.16871643066406
3603,161.42129516601562
3605,155.26358032226562
3606,147.54904174804688
3607,150.65911865234375
3608,162.0567626953125
3611,109.9017562866211
3613,129.81622314453125
3616,140.6382598876953
3622,157.50909423828125
3623,158.64109802246094
3624,122.22030639648438
3627,154.49269104003906
3628,173.0712890625
3629,134.48904418945312
3635,151.60919189453125
3636,168.6285400390625
3638,145.99913024902344
3642,132.38856506347656
3643,166.361328125
3649,180.26736450195312
3650,162.0414581298828
3651,144.63015747070312
3652,149.0750732421875
3656,151.7754669189453
3657,146.10977172851562
3658,160.59381103515625
3661,159.55184936523438
3663,140.80824279785156
3664,160.48248291015625
3665,141.7427978515625
3667,135.70095825195312
3669,160.53334045410156
3670,158.83311462402344
3672,147.3300323486328
3676,140.5630645751953
3677,133.05023193359375
3678,156.777099609375
3679,160.2242431640625
3680,157.04461669921875
3683,128.1966552734375
3684,173.45057678222656
3685,134.2410125732422
3688,162.78802490234375
3689,146.58094787597656
3690,147.58168029785156
3691,136.91183471679688
3693,133.07583618164062
3694,150.27435302734375
3697,162.57403564453125
3698,122.72126770019531
3700,148.1007843017578
3701,159.21405029296875
3702,141.5777130126953
3703,139.78530883789062
3704,129.81161499023438
3706,164.263671875
3711,140.90609741210938
3713,173.1555938720703
3714,142.47836303710938
3717,157.80909729003906
3718,145.3566436767578
3719,159.44772338867188
3721,151.04376220703125
3723,153.9553680419922
3724,156.1920623779297
3725,140.926513671875
3727,161.81341552734375
3730,157.80909729003906
3732,171.99603271484375
3733,140.43377685546875
3734,162.77554321289062
3737,143.88238525390625
3738,185.53018188476562
3740,151.1304473876953
3742,140.2273712158203
3747,153.837890625
3748,147.1351318359375
3749,146.32354736328125
3750,161.3736114501953
3752,151.07916259765625
3754,120.83802795410156
3755,158.42886352539062
3756,161.23780822753906
3757,119.79847717285156
3758,154.42620849609375
3759,150.38302612304688
3764,130.81268310546875
3766,155.38963317871094
3767,142.66073608398438
3771,140.5240478515625
3772,171.26174926757812
3775,148.95193481445312
3777,145.4982147216797
3785,136.81439208984375
3787,155.26434326171875
3788,144.23431396484375
3791,124.31166076660156
3792,152.62542724609375
3794,158.11203002929688
3796,125.76558685302734
3799,171.82852172851562
3801,128.40673828125
3802,142.34243774414062
3803,170.61424255371094
3805,156.41769409179688
3806,146.37103271484375
3807,169.18887329101562
3808,144.38441467285156
3809,148.9066925048828
3811,130.8077392578125
3812,161.19140625
3813,148.9066925048828
3814,146.63433837890625
3817,158.45046997070312
3819,159.11561584472656
3820,162.72642517089844
3821,150.60531616210938
3822,130.17718505859375
3823,159.9779052734375
3825,161.9164276123047
3826,167.02597045898438
3827,154.38967895507812
3829,146.68258666992188
3833,176.6267547607422
3837,140.09646606445312
3841,141.060791015625
3842,144.10440063476562
3843,137.5694580078125
3844,161.53439331054688
3848,113.03025817871094
3850,155.427490234375
3851,141.5347442626953
3852,176.53811645507812
3854,168.03958129882812
3857,123.40065002441406
3858,144.38441467285156
3859,160.48223876953125
3860,126.79175567626953
3861,148.76004028320312
3862,139.00912475585938
3863,145.6809539794922
3870,153.24481201171875
3872,144.38441467285156
3873,167.74557495117188
3874,134.8732147216797
3877,150.4078369140625
3880,154.638916015625
3882,100.8113784790039
3885,130.72232055664062
3887,161.7601318359375
3888,139.2126007080078
3889,142.727783203125
3891,155.03469848632812
3892,134.3485870361328
3894,168.48648071289062
3895,135.1435546875
3896,144.0626220703125
3898,172.99295043945312
3899,162.79920959472656
3900,150.17129516601562
3903,136.77020263671875
3904,136.65411376953125
3905,122.68623352050781
3906,154.986328125
3907,141.35580444335938
3908,147.08380126953125
3909,167.3649139404297
3910,164.85952758789062
3911,158.76832580566406
3912,159.43084716796875
3915,173.9513397216797
3918,152.28192138671875
3919,130.03216552734375
3920,158.32821655273438
3921,169.94619750976562
3922,150.14724731445312
3923,133.9700164794922
3926,160.84706115722656
3927,154.54714965820312
3930,150.78253173828125
3931,159.54547119140625
3940,147.43600463867188
3941,137.22738647460938
3942,172.5298614501953
3954,155.96485900878906
3955,126.06185913085938
3956,167.66041564941406
3957,158.02940368652344
3958,163.83685302734375
3959,126.42330932617188
3960,166.36778259277344
3963,148.04019165039062
3964,163.78565979003906
3965,167.07530212402344
3972,125.07438659667969
3976,151.87188720703125
3978,145.97764587402344
3980,128.62594604492188
3981,171.00051879882812
3982,166.47579956054688
3983,141.04315185546875
3984,149.12738037109375
3987,124.41321563720703
3989,108.53945922851562
3990,152.97552490234375
3996,128.76846313476562
3997,134.99317932128906
3998,143.6461639404297
3999,161.95150756835938
4000,144.45970153808594
4001,154.6365966796875
4002,148.48326110839844
4003,167.73056030273438
4004,149.3140411376953
4006,132.07293701171875
4014,168.68673706054688
4017,169.80303955078125
4019,149.65597534179688
4020,161.1149139404297
4021,135.73739624023438
4022,154.3182373046875
4023,162.3451690673828
4024,138.79705810546875
4027,156.90774536132812
4030,136.77020263671875
4035,175.14370727539062
4036,175.64083862304688
4040,132.55487060546875
4050,135.59078979492188
4053,168.84451293945312
4054,120.3368911743164
4055,159.96099853515625
4056,136.51370239257812
4057,138.75299072265625
4059,167.13656616210938
4060,141.01673889160156
4061,136.2563934326172
4063,141.03152465820312
4065,175.18112182617188
4066,154.33761596679688
4069,173.57608032226562
4071,138.67864990234375
4073,139.7595672607422
4079,149.73275756835938
4081,136.77020263671875
4083,120.15805053710938
4084,144.00559997558594
4087,143.03614807128906
4090,148.48326110839844
4091,149.4698944091797
4093,136.03390502929688
4098,126.01797485351562
4099,160.28390502929688
4100,173.35519409179688
4101,137.07461547851562
4103,156.07508850097656
4104,156.70664978027344
4106,144.99639892578125
4108,119.48243713378906
4109,147.1807403564453
4110,159.79803466796875
4121,196.18484497070312
4123,129.9449005126953
4124,166.0281982421875
4127,147.81719970703125
4128,160.58493041992188
4130,155.32159423828125
4131,157.5736846923828
4132,159.08236694335938
4133,157.25103759765625
4135,165.07220458984375
4136,156.39405822753906
4138,162.21923828125
4139,162.53321838378906
4140,139.16207885742188
4143,146.20150756835938
4147,154.60594177246094
4148,135.1435546875
4149,200.06285095214844
4152,145.16566467285156
4153,171.46356201171875
4155,141.01673889160156
4158,140.10330200195312
4162,164.41110229492188
4163,161.95150756835938
4164,130.86709594726562
4165,155.6457977294922
4166,150.38937377929688
4167,151.757568359375
4169,155.8937225341797
4170,148.9483642578125
4174,146.20445251464844
4180,136.77020263671875
4182,154.60594177246094
4187,115.98924255371094
4189,152.26187133789062
4191,160.45130920410156
4197,149.3140411376953
4198,143.87255859375
4199,151.97238159179688
4200,164.26593017578125
4201,174.30650329589844
4204,156.94752502441406
4205,133.67660522460938
4206,100.7944564819336
4207,158.34854125976562
4213,183.59556579589844
4218,130.49862670898438
4220,149.77972412109375
4221,149.13168334960938
4223,146.0017547607422
4225,140.40570068359375
4226,126.28797149658203
4227,143.32945251464844
4228,169.410888671875
4229,153.4711456298828
4230,154.601806640625
4233,144.67892456054688
4235,139.88052368164062
4238,179.4837646484375
4239,141.35580444335938
4241,99.973388671875
4244,154.03497314453125
4245,149.3140411376953
4246,126.53009796142578
4250,154.60594177246094
4251,136.74468994140625
4252,164.35482788085938
4253,130.73260498046875
4255,159.738525390625
4256,157.13934326171875
4257,183.24249267578125
4258,121.47517395019531
4259,148.34722900390625
4260,161.322998046875
4261,168.8162841796875
4262,201.3597412109375
4264,162.1810302734375
4266,161.60255432128906
4269,148.77090454101562
4270,166.40383911132812
4275,158.52090454101562
4277,150.9952392578125
4279,156.95021057128906
4282,161.59133911132812
4291,166.41592407226562
4292,148.57313537597656
4294,145.42153930664062
4295,152.22132873535156
4298,151.22201538085938
4300,148.58999633789062
4301,196.70152282714844
4302,115.2782974243164
4304,180.08985900878906
4305,126.95109558105469
4306,152.7545623779297
4307,160.1335906982422
4308,122.29176330566406
4309,123.78866577148438
4311,140.323486328125
4313,156.3291015625
4314,136.34408569335938
4315,106.74909973144531
4316,138.75213623046875
4317,199.43536376953125
4319,152.3002471923828
4321,158.472412109375
4324,158.24481201171875
4327,157.364501953125
4329,159.02261352539062
4331,148.4912567138672
4334,137.18846130371094
4337,194.49888610839844
4339,139.7075958251953
4340,132.72811889648438
4343,155.6347198486328
4345,136.07632446289062
4346,158.0006561279297
4349,136.61419677734375
4350,150.60079956054688
4354,142.590576171875
4357,158.822998046875
4358,148.10565185546875
4362,143.63784790039062
4363,146.6832275390625
4366,156.24090576171875
4367,114.19026947021484
4369,186.43426513671875
4370,151.11199951171875
4371,144.48086547851562
4373,146.34857177734375
4375,127.30165100097656
4378,164.6973419189453
4379,161.61398315429688
4381,147.99632263183594
4382,152.6231689453125
4386,156.53480529785156
4387,158.6976776123047
4388,131.6514892578125
4390,148.8166961669922
4394,150.8787384033203
4397,123.62716674804688
4400,150.31298828125
4402,160.4409942626953
4403,160.40200805664062
4404,175.09005737304688
4405,146.02810668945312
4407,166.80221557617188
4409,154.15139770507812
4410,136.61419677734375
4411,148.6355743408203
4413,146.12612915039062
4414,127.30165100097656
4416,135.75523376464844
4417,158.393310546875
4421,127.30165100097656
4424,174.2820281982422
4426,173.63201904296875
4427,145.18313598632812
4429,125.40129089355469
4430,158.52171325683594
4432,140.19970703125
4433,146.6236572265625
4435,136.7548370361328
4438,147.70167541503906
4442,136.9444580078125
4443,153.09939575195312
4448,166.7528533935547
4449,155.7639617919922
4450,144.319580078125
4451,160.30487060546875
4453,144.14712524414062
4454,132.8051300048828
4455,143.63784790039062
4459,146.23513793945312
4463,133.2400360107422
4464,115.78704833984375
4467,166.8998260498047
4470,149.09323120117188
4471,156.5948028564453
4473,151.21189880371094
4474,157.5745086669922
4476,132.97474670410156
4477,164.51348876953125
4481,171.89031982421875
4482,134.1187744140625
4487,149.35836791992188
4496,162.24893188476562
4497,155.51101684570312
4501,144.79351806640625
4502,152.0718231201172
4504,150.1868896484375
4509,141.56935119628906
4512,154.73388671875
4514,159.82858276367188
4515,147.78233337402344
4517,125.14360046386719
4518,157.2064971923828
4520,131.0455780029297
4522,140.65774536132812
4523,135.98568725585938
4524,116.17303466796875
4525,177.47789001464844
4526,147.87548828125
4527,136.34408569335938
4528,158.4842529296875
4529,141.794677734375
4530,155.44601440429688
4535,137.7530517578125
4538,164.32730102539062
4540,154.24014282226562
4541,137.56149291992188
4543,148.09768676757812
4544,153.15440368652344
4546,144.11553955078125
4547,136.34408569335938
4548,144.14712524414062
4550,163.2960205078125
4552,141.68585205078125
4553,116.65187072753906
4555,128.02740478515625
4557,146.853515625
4558,133.22012329101562
4560,173.34902954101562
4563,168.63360595703125
4564,166.1390380859375
4565,160.88568115234375
4567,150.7853546142578
4568,170.8860321044922
4571,160.4409942626953
4572,158.79351806640625
4576,128.79058837890625
4579,153.07501220703125
4581,168.73951721191406
4584,141.02947998046875
4586,155.98060607910156
4588,124.68336486816406
4589,158.393310546875
4590,149.36663818359375
4591,136.34408569335938
4592,139.9833984375
4593,164.7130889892578
4594,160.62530517578125
4597,162.470458984375
4598,145.90109252929688
4599,124.37893676757812
4600,143.16928100585938
4604,183.0192413330078
4609,143.31915283203125
4611,172.45443725585938
4612,148.59152221679688
4614,134.72833251953125
4615,141.05230712890625
4616,133.43844604492188
4621,130.92913818359375
4623,186.896240234375
4624,143.63784790039062
4628,136.34408569335938
4630,148.53860473632812
4632,144.49288940429688
4636,146.62303161621094
4637,136.34408569335938
4638,151.6107177734375
4641,159.71713256835938
4643,128.0001983642578
4645,168.8419647216797
4651,146.26998901367188
4652,168.1789093017578
4653,136.34408569335938
4654,138.66732788085938
4656,163.04771423339844
4657,170.68316650390625
4658,168.99160766601562
4659,128.02740478515625
4664,141.98074340820312
4669,175.42294311523438
4674,116.8990478515625
4678,179.02218627929688
4679,136.68138122558594
4681,153.19168090820312
4684,149.60215759277344
4687,157.65377807617188
4689,131.92300415039062
4691,143.9052734375
4694,161.89004516601562
4695,148.11737060546875
4696,150.45477294921875
4698,142.58349609375
4699,159.04891967773438
4701,165.25648498535156
4703,158.66421508789062
4704,174.5117950439453
4705,136.61419677734375
4706,161.7261199951172
4709,158.3819580078125
4711,136.6729736328125
4712,162.23294067382812
4713,117.0326156616211
4714,128.3802947998047
4715,168.42596435546875
4719,161.2458038330078
4722,146.4171905517578
4724,144.05526733398438
4725,120.56478881835938
4728,164.796875
4730,158.81912231445312
4733,148.19454956054688
4734,161.07290649414062
4740,108.32612609863281
4741,150.19549560546875
4742,161.11021423339844
4743,143.30923461914062
4745,151.65928649902344
4746,152.4649200439453
4748,164.88104248046875
4751,163.84503173828125
4753,154.67056274414062
4754,146.26026916503906
4760,152.90261840820312
4761,140.94837951660156
4762,151.60523986816406
4768,147.36865234375
4773,152.6948699951172
4775,144.05526733398438
4779,158.73971557617188
4781,136.89244079589844
4782,135.9354248046875
4783,164.48049926757812
4785,152.2235870361328
4790,148.05780029296875
4793,159.61509704589844
4794,144.46408081054688
4797,142.78834533691406
4798,122.79987335205078
4799,178.17311096191406
4800,143.8116455078125
4801,167.98207092285156
4802,150.58497619628906
4804,136.7669677734375
4806,158.2801055908203
4808,133.7741241455078
4810,168.92982482910156
4811,161.75730895996094
4812,124.17678833007812
4813,123.01797485351562
4814,144.09214782714844
4815,136.7172393798828
4819,143.2985076904297
4822,158.73971557617188
4826,152.86346435546875
4827,144.0417938232422
4828,153.62969970703125
4832,136.55059814453125
4834,137.59249877929688
4835,157.70506286621094
4839,160.69558715820312
4845,144.9459991455078
4846,176.58834838867188
4847,122.62551879882812
4848,142.10507202148438
4850,154.40420532226562
4853,150.1270294189453
4854,160.59246826171875
4855,148.13079833984375
4856,154.4443817138672
4857,138.9293212890625
4859,149.6815948486328
4861,156.33816528320312
4862,155.78741455078125
4866,157.60391235351562
4870,158.3819580078125
4871,137.1324005126953
4872,153.95213317871094
4874,140.286865234375
4879,143.0207061767578
4881,158.9546661376953
4882,146.37130737304688
4883,160.29769897460938
4884,114.01158142089844
4885,149.04421997070312
4887,138.90057373046875
4891,149.6815948486328
4892,162.75686645507812
4894,140.37701416015625
4897,153.78228759765625
4898,171.57943725585938
4900,117.6615219116211
4905,161.02288818359375
4906,127.65879821777344
4907,140.018310546875
4908,155.93814086914062
4909,134.74429321289062
4911,140.97067260742188
4913,136.48989868164062
4914,181.89381408691406
4918,151.52154541015625
4919,170.03359985351562
4921,185.57476806640625
4922,162.49603271484375
4923,130.2471923828125
4924,147.9127655029297
4925,126.24691772460938
4926,157.89971923828125
4929,169.4146728515625
4930,139.236572265625
4932,158.73971557617188
4933,139.28909301757812
4935,136.99957275390625
4937,145.90487670898438
4938,147.98931884765625
4940,127.85297393798828
4941,136.7669677734375
4946,146.33108520507812
4949,148.22903442382812
4950,149.66433715820312
4954,154.0448760986328
4955,160.1629638671875
4959,123.57320404052734
4961,183.48170471191406
4962,149.1901092529297
4963,147.39340209960938
4964,158.2160186767578
4965,140.70065307617188
4966,149.38912963867188
4967,159.26400756835938
4970,158.73971557617188
4972,118.77375030517578
4974,139.236572265625
4977,189.9283447265625
4980,141.27108764648438
4981,167.3103485107422
4989,140.91481018066406
4990,146.99795532226562
4991,143.49298095703125
4992,160.34274291992188
4993,146.97430419921875
4996,172.6744384765625
4997,143.26223754882812
4998,136.30337524414062
4999,122.95829772949219
5000,143.06898498535156
5001,156.8231658935547
5003,146.49081420898438
5008,134.06497192382812
5010,154.57351684570312
5012,137.28155517578125
5013,125.42012023925781
5016,149.70462036132812
5017,131.85829162597656
5024,145.93521118164062
5026,139.11795043945312
5027,154.574951171875
5028,151.84259033203125
5029,143.783935546875
5030,160.34274291992188
5031,147.2190399169922
5033,148.10211181640625
5035,138.40760803222656
5037,155.3055877685547
5040,152.1253662109375
5041,154.52047729492188
5042,149.67576599121094
5043,136.89541625976562
5044,149.1636199951172
5045,150.5092010498047
5047,146.691162109375
5048,144.17523193359375
5050,132.8950653076172
5056,134.3902587890625
5058,149.94354248046875
5060,155.3055877685547
5061,144.36073303222656
5064,128.34005737304688
5066,158.2801055908203
5067,149.2993927001953
5068,149.56101989746094
5070,144.56350708007812
5072,162.29046630859375
5073,158.52841186523438
5078,175.94680786132812
5082,138.28033447265625
5084,140.7334442138672
5085,155.63702392578125
5086,135.85897827148438
5087,129.34783935546875
5090,134.78782653808594
5091,136.3241424560547
5092,150.76895141601562
5096,134.8028106689453
5097,160.4215087890625
5098,146.88743591308594
5100,162.15890502929688
5102,166.13424682617188
5106,148.89599609375
5110,145.74832153320312
5116,165.86526489257812
5117,165.3387908935547
5119,150.67822265625
5120,145.5870819091797
5121,158.48455810546875
5124,153.8657989501953
5126,127.86541748046875
5130,161.61807250976562
5131,181.28001403808594
5133,154.92086791992188
5136,141.64601135253906
5138,157.58682250976562
5139,137.9293975830078
5140,131.17861938476562
5141,182.35330200195312
5145,149.53567504882812
5146,138.41470336914062
5147,159.96987915039062
5151,149.7752685546875
5152,147.7613525390625
5153,176.03907775878906
5156,154.99795532226562
5157,143.81521606445312
5158,161.5399932861328
5160,193.1150360107422
5161,158.31021118164062
5162,123.89396667480469
5163,137.36264038085938
5168,148.20648193359375
5170,146.6577606201172
5173,135.50685119628906
5174,136.65301513671875
5175,173.08160400390625
5177,156.61227416992188
5178,183.09423828125
5179,153.72994995117188
5180,143.47525024414062
5181,162.88284301757812
5182,127.8155288696289
5183,148.59722900390625
5187,159.35400390625
5192,143.55262756347656
5194,167.22914123535156
5195,159.4801025390625
5197,143.69827270507812
5198,140.939208984375
5201,155.92489624023438
5202,137.74893188476562
5206,153.72994995117188
5209,156.77752685546875
5210,152.89480590820312
5211,157.17892456054688
5213,151.62232971191406
5215,136.64488220214844
5216,139.8534698486328
5217,136.290283203125
5219,135.92416381835938
5221,161.66506958007812
5223,170.3564453125
5226,145.5696563720703
5228,115.7099609375
5230,138.83164978027344
5231,153.5521697998047
5235,147.34852600097656
5236,137.11656188964844
5238,122.29449462890625
5242,150.93295288085938
5243,142.2880401611328
5245,173.77664184570312
5246,120.30241394042969
5247,161.09283447265625
5249,188.21987915039062
5250,116.71378326416016
5252,155.68711853027344
5254,149.46914672851562
5258,154.3921661376953
5261,116.56912231445312
5262,144.43106079101562
5263,153.78323364257812
5264,142.2407684326172
5265,155.1090850830078
5267,143.8956756591797
5269,178.978515625
5270,148.08584594726562
5271,139.11428833007812
5272,160.77545166015625
5273,150.72879028320312
5274,149.1467742919922
5278,146.57632446289062
5282,149.40028381347656
5288,152.57781982421875
5291,166.52378845214844
5295,158.27676391601562
5296,149.9381561279297
5298,122.56917572021484
5300,154.7559051513672
5301,158.25904846191406
5303,156.77752685546875
5304,154.1502685546875
5307,135.41909790039062
5311,127.39828491210938
5313,142.94064331054688
5314,153.07803344726562
5315,156.77496337890625
5318,150.40164184570312
5321,148.2085418701172
5322,160.77439880371094
5324,138.556884765625
5325,176.0815887451172
5326,152.78512573242188
5327,164.29605102539062
5328,145.3463134765625
5330,136.56744384765625
5332,149.4328155517578
5333,162.82012939453125
5335,161.47409057617188
5337,141.26580810546875
5339,165.54812622070312
5340,157.03775024414062
5342,150.36203002929688
5343,184.78933715820312
5344,157.27183532714844
5346,136.7701416015625
5347,138.36456298828125
5350,139.45111083984375
5351,153.4383544921875
5352,162.3487091064453
5353,143.3556671142578
5354,162.47828674316406
5357,136.6478271484375
5358,164.28863525390625
5359,156.4813995361328
5361,171.14083862304688
5363,136.71530151367188
5365,150.76405334472656
5369,161.09283447265625
5372,136.7738037109375
5374,162.1438446044922
5377,187.94166564941406
5380,150.87130737304688
5381,123.10469055175781
5382,172.30010986328125
5385,130.46974182128906
5386,139.67047119140625
5387,185.76634216308594
5388,143.95477294921875
5390,168.6107635498047
5392,163.3814697265625
5394,171.27822875976562
5396,126.89974975585938
5400,163.99215698242188
5405,122.43097686767578
5406,130.8189239501953
5409,129.3197784423828
5410,172.92942810058594
5411,161.84906005859375
5412,150.2899932861328
5415,154.1502685546875
5416,149.71621704101562
5419,135.63816833496094
5422,178.88143920898438
5423,139.8534698486328
5427,153.6954803466797
5428,152.08082580566406
5430,159.62440490722656
5432,142.91769409179688
5433,116.3808822631836
5434,170.6208953857422
5435,148.711181640625
5436,148.4969482421875
5438,143.56333923339844
5439,212.8155517578125
5441,120.30241394042969
5442,141.54647827148438
5443,135.72898864746094
5445,143.29759216308594
5448,146.05166625976562
5449,148.70291137695312
5450,169.11038208007812
5453,136.92047119140625
5454,157.35964965820312
5457,156.283447265625
5461,148.25607299804688
5470,150.8843231201172
5471,179.72247314453125
5473,151.67221069335938
5477,150.86758422851562
5478,136.37814331054688
5481,149.5167999267578
5483,150.74488830566406
5484,160.23184204101562
5487,159.94854736328125
5489,134.61769104003906
5490,169.51922607421875
5491,143.07376098632812
5492,150.93295288085938
5493,187.3213653564453
5494,161.2444610595703
5498,165.88470458984375
5500,143.94171142578125
5501,134.34671020507812
5502,149.10350036621094
5505,157.35675048828125
5506,135.75743103027344
5508,165.93807983398438
5510,160.36239624023438
5513,156.74325561523438
5514,145.82266235351562
5515,149.23133850097656
5519,149.31375122070312
5520,155.50721740722656
5523,124.98200988769531
5524,155.30548095703125
5525,148.35452270507812
5526,151.66793823242188
5530,157.4501953125
5531,117.40798950195312
5534,127.60859680175781
5537,165.89202880859375
5538,153.38967895507812
5539,142.74420166015625
5541,150.07070922851562
5542,142.64553833007812
5543,173.8142852783203
5544,130.81329345703125
5545,119.95956420898438
5546,180.5405731201172
5549,137.11468505859375
5552,150.76141357421875
5553,145.74090576171875
5556,148.711669921875
5557,150.04129028320312
5558,142.1147003173828
5564,150.51242065429688
5569,160.38967895507812
5570,153.5909423828125
5571,173.05935668945312
5573,186.97361755371094
5575,125.56443786621094
5577,134.6116943359375
5578,169.71627807617188
5582,153.17709350585938
5585,134.30960083007812
5588,140.52484130859375
5590,143.60488891601562
5600,147.607421875
5601,151.27511596679688
5604,135.52932739257812
5606,151.26104736328125
5611,158.4158935546875
5615,167.2783203125
5617,146.42556762695312
5618,158.22886657714844
5619,175.5977020263672
5620,135.52932739257812
5622,128.0174560546875
5624,125.93724822998047
5625,150.93289184570312
5626,165.59771728515625
5627,129.83624267578125
5630,158.53515625
5632,155.62408447265625
5634,125.07141876220703
5635,138.48861694335938
5636,159.2680206298828
5637,164.95338439941406
5641,153.93734741210938
5642,140.24722290039062
5643,199.5298614501953
5644,152.1328125
5647,149.7240753173828
5648,155.6979217529297
5650,114.91796112060547
5651,144.4630126953125
5652,148.4051513671875
5654,147.73672485351562
5657,136.85948181152344
5659,153.59225463867188
5660,162.35964965820312
5661,146.97311401367188
5664,168.81582641601562
5665,123.24028015136719
5666,119.90972900390625
5668,158.22886657714844
5669,140.87229919433594
5677,158.70901489257812
5678,145.4756622314453
5680,150.89927673339844
5681,143.39361572265625
5682,154.16876220703125
5684,157.8634033203125
5685,149.16064453125
5686,135.14422607421875
5689,136.05914306640625
5695,175.97047424316406
5696,157.3182373046875
5700,136.92431640625
5701,196.09657287597656
5702,150.85205078125
5703,160.07138061523438
5705,113.01266479492188
5706,157.946044921875
5708,155.29974365234375
5711,157.8634033203125
5712,118.51704406738281
5713,146.49627685546875
5715,135.9407958984375
5716,163.10739135742188
5717,159.2464599609375
5719,126.81926727294922
5720,138.331298828125
5722,143.95404052734375
5727,141.90374755859375
5728,148.77117919921875
5732,145.40013122558594
5734,155.6878204345703
5735,132.5574951171875
5737,161.07546997070312
5738,142.18780517578125
5739,155.03533935546875
5740,160.896728515625
5742,149.2740478515625
5743,167.28094482421875
5744,158.92694091796875
5746,141.12998962402344
5749,150.47027587890625
5753,158.98744201660156
5756,155.7767333984375
5759,138.4981231689453
5761,156.79263305664062
5763,144.2845458984375
5764,134.84597778320312
5765,149.17369079589844
5767,173.187255859375
5775,130.83343505859375
5779,152.80860900878906
5781,137.783935546875
5785,167.1352996826172
5787,171.37997436523438
5792,153.0511474609375
5795,157.946044921875
5798,137.783447265625
5799,134.3704071044922
5800,127.43682861328125
5802,132.5557403564453
5807,149.6341552734375
5809,141.54136657714844
5810,142.1712646484375
5811,159.1683349609375
5812,158.28741455078125
5814,150.5050048828125
5817,97.61024475097656
5818,153.9673614501953
5819,146.85543823242188
5820,156.18287658691406
5821,158.69003295898438
5824,135.14422607421875
5826,124.2130355834961
5828,158.6321563720703
5834,136.09312438964844
5835,153.64161682128906
5836,155.6481170654297
5840,121.04389190673828
5841,183.70458984375
5843,141.8614044189453
5847,160.01556396484375
5849,154.01101684570312
5852,169.37039184570312
5855,140.054931640625
5856,185.07696533203125
5857,149.25672912597656
5859,125.11752319335938
5861,153.64161682128906
5862,153.5516357421875
5863,175.1505584716797
5865,166.83099365234375
5872,114.91796112060547
5873,153.81927490234375
5875,119.68878173828125
5881,112.83705139160156
5882,140.03285217285156
5883,129.7138671875
5885,151.990234375
5887,149.17369079589844
5888,155.08090209960938
5889,114.91796112060547
5891,177.34310913085938
5892,151.98240661621094
5893,133.3842010498047
5894,157.8634033203125
5895,159.48672485351562
5899,161.70724487304688
5900,121.02728271484375
5902,142.99563598632812
5904,153.3219451904297
5905,166.6131591796875
5907,139.66757202148438
5913,121.33059692382812
5915,155.2505645751953
5916,150.7212371826172
5917,147.2788848876953
5918,139.587646484375
5920,165.93699645996094
5921,154.50526428222656
5922,148.63320922851562
5923,149.17369079589844
5925,174.1895751953125
5927,158.30209350585938
5928,129.83624267578125
5931,159.8946990966797
5940,118.505126953125
5941,155.62408447265625
5945,155.60728454589844
5947,162.18788146972656
5948,153.3219451904297
5949,160.33555603027344
5950,139.25732421875
5952,158.5435791015625
5955,142.0133819580078
5956,158.45909118652344
5958,157.55868530273438
5959,164.85520935058594
5960,139.88427734375
5963,163.74307250976562
5966,130.71243286132812
5967,148.14271545410156
5970,157.54763793945312
5971,150.60879516601562
5972,169.8431396484375
5973,150.4589385986328
5976,117.72465515136719
5977,158.3125
5979,137.09640502929688
5980,148.42694091796875
5984,155.73121643066406
5985,146.23175048828125
5986,185.27549743652344
5987,135.22348022460938
5988,165.89761352539062
5990,144.3676300048828
5993,153.51254272460938
5994,152.70672607421875
6000,130.3941650390625
6005,170.25750732421875
6008,140.38833618164062
6009,146.10826110839844
6010,176.68182373046875
6013,162.1537628173828
6019,188.70684814453125
6020,149.62774658203125
6021,139.482177734375
6022,168.67153930664062
6023,147.18270874023438
6027,153.2718963623047
6031,131.64999389648438
6032,158.91036987304688
6033,148.26214599609375
6034,148.5968475341797
6035,125.50099182128906
6037,155.73121643066406
6038,162.0695037841797
6039,169.31300354003906
6043,159.51808166503906
6046,159.07058715820312
6050,155.7996368408203
6055,143.81155395507812
6056,149.78317260742188
6057,157.08935546875
6060,149.39422607421875
6061,154.42593383789062
6066,154.75054931640625
6069,138.34788513183594
6073,151.4639129638672
6074,138.59048461914062
6075,154.38824462890625
6076,153.51254272460938
6077,158.75079345703125
6078,161.26748657226562
6079,136.46163940429688
6082,131.5120849609375
6083,150.75006103515625
6085,149.73724365234375
6086,154.58172607421875
6088,139.76272583007812
6090,147.1866455078125
6091,176.90248107910156
6093,142.73101806640625
6096,166.43798828125
6098,157.4079132080078
6099,156.25628662109375
6101,149.33184814453125
6102,146.7643280029297
6103,143.92138671875
6111,158.75079345703125
6112,146.4080810546875
6113,158.944580078125
6115,148.1653594970703
6119,181.0638427734375
6120,139.781982421875
6121,139.781982421875
6122,151.79090881347656
6124,135.348388671875
6126,158.84848022460938
6127,155.68121337890625
6129,139.781982421875
6131,134.5042266845703
6133,158.533203125
6134,143.14251708984375
6135,141.63314819335938
6136,154.03997802734375
6138,148.54556274414062
6143,123.56818389892578
6147,162.21969604492188
6148,160.4822998046875
6150,139.781982421875
6151,143.8345184326172
6152,139.781982421875
6153,141.4015655517578
6154,138.42022705078125
6155,158.35018920898438
6157,130.679443359375
6158,158.4277801513672
6161,100.85742950439453
6163,157.05589294433594
6166,116.36103820800781
6167,130.4647216796875
6174,164.95684814453125
6175,122.29421997070312
6179,142.68617248535156
6183,152.62509155273438
6184,165.00125122070312
6187,146.0384063720703
6190,168.92483520507812
6191,143.3876190185547
6198,127.23782348632812
6199,138.4508056640625
6200,122.29421997070312
6205,151.98602294921875
6206,153.0382080078125
6208,141.96607971191406
6212,130.66323852539062
6214,153.8304443359375
6215,129.98341369628906
6218,163.59889221191406
6220,142.54669189453125
6221,162.41612243652344
6224,148.9828643798828
6225,113.11312866210938
6226,159.71209716796875
6227,129.68846130371094
6228,149.19488525390625
6229,166.47903442382812
6230,149.63600158691406
6231,157.0196075439453
6232,150.5355987548828
6233,156.94004821777344
6234,135.348388671875
6236,147.2538299560547
6237,150.75006103515625
6238,125.76878356933594
6239,172.57423400878906
6241,152.05711364746094
6243,161.00222778320312
6244,130.15896606445312
6245,151.25839233398438
6246,148.4873809814453
6248,171.3038330078125
6249,120.87879180908203
6250,139.2911376953125
6252,160.5969696044922
6253,162.96563720703125
6256,142.2483367919922
6257,117.31016540527344
6258,158.645751953125
6259,136.577392578125
6263,160.07281494140625
6265,149.0489501953125
6266,153.97833251953125
6267,129.85858154296875
6268,151.14111328125
6270,118.9326400756836
6272,164.77024841308594
6273,139.20703125
6274,143.4455108642578
6277,155.43896484375
6280,132.18994140625
6282,166.97315979003906
6283,156.1101837158203
6285,140.00868225097656
6289,145.186279296875
6290,141.21475219726562
6291,182.8363494873047
6294,155.27859497070312
6296,187.05735778808594
6297,163.47433471679688
6299,132.61859130859375
6301,119.9969711303711
6302,159.34019470214844
6303,139.46621704101562
6305,146.4041290283203
6306,141.14918518066406
6307,162.09146118164062
6309,151.48316955566406
6311,148.9298095703125
6313,162.08885192871094
6314,141.1118927001953
6315,139.781982421875
6316,155.82168579101562
6317,131.3538818359375
6318,162.7174835205078
6319,144.01739501953125
6321,154.79177856445312
6322,142.968017578125
6323,149.0489501953125
6326,131.50918579101562
6327,137.43536376953125
6328,157.7801513671875
6329,153.60403442382812
6331,127.13194274902344
6332,162.09146118164062
6333,136.83514404296875
6334,167.97512817382812
6335,150.19338989257812
6337,151.6160430908203
6338,152.1057891845703
6339,121.25935363769531
6343,154.1433868408203
6346,142.3821258544922
6350,137.77203369140625
6352,148.75392150878906
6355,165.8704376220703
6356,162.55801391601562
6359,176.20594787597656
6361,147.77218627929688
6362,136.6756591796875
6365,153.83872985839844
6366,166.3424530029297
6367,163.36721801757812
6369,140.49581909179688
6372,188.06976318359375
6373,167.89901733398438
6374,142.3497314453125
6375,136.41793823242188
6376,133.18882751464844
6378,155.88742065429688
6380,139.1383056640625
6384,146.14599609375
6385,158.28282165527344
6386,149.79879760742188
6387,139.07861328125
6389,159.80615234375
6391,134.89898681640625
6394,146.0747833251953
6396,121.22300720214844
6397,169.30197143554688
6399,152.82711791992188
6400,153.87191772460938
6404,119.2919921875
6408,145.8715057373047
6410,155.88742065429688
6412,121.18571472167969
6414,183.63174438476562
6415,154.05123901367188
6421,160.88426208496094
6422,140.03219604492188
6423,147.77450561523438
6424,133.8438262939453
6425,139.9748077392578
6427,166.7957305908203
6428,161.4473876953125
6433,160.2609100341797
6435,149.4928436279297
6436,144.7894287109375
6444,169.1695556640625
6446,130.21275329589844
6447,159.8165283203125
6449,150.92413330078125
6451,160.25357055664062
6452,161.69476318359375
6454,156.22775268554688
6456,142.54209899902344
6459,122.55325317382812
6460,140.72117614746094
6462,149.27232360839844
6463,150.50741577148438
6465,132.44461059570312
6466,167.79644775390625
6468,131.61846923828125
6472,157.7235565185547
6475,138.50827026367188
6476,169.7745819091797
6477,149.2475128173828
6478,143.35540771484375
6480,150.76043701171875
6482,146.71444702148438
6483,155.6616973876953
6485,153.67404174804688
6486,125.31871795654297
6487,145.8939208984375
6488,147.0792236328125
6489,143.0968017578125
6490,115.27298736572266
6491,182.59298706054688
6492,150.04090881347656
6493,139.671875
6494,158.59800720214844
6497,135.5540771484375
6498,149.78115844726562
6499,158.6446533203125
6500,130.54104614257812
6501,162.05145263671875
6502,123.59786987304688
6503,153.83872985839844
6504,183.5778350830078
6507,168.2599334716797
6511,179.47750854492188
6516,141.71945190429688
6517,135.465576171875
6518,149.27122497558594
6520,133.2174530029297
6522,141.50393676757812
6524,158.6446533203125
6527,160.23812866210938
6530,139.9748077392578
6532,110.53462219238281
6538,151.22509765625
6539,161.86708068847656
6542,154.37338256835938
6543,152.8278350830078
6544,156.3376007080078
6545,149.92918395996094
6546,170.45022583007812
6549,153.1466064453125
6550,142.78271484375
6552,149.7620086669922
6554,157.42562866210938
6557,108.19374084472656
6558,163.49485778808594
6559,126.94682312011719
6560,152.19859313964844
6562,142.5369110107422
6563,160.2609100341797
6566,130.09304809570312
6567,152.5488739013672
6570,194.28909301757812
6571,148.8857879638672
6572,152.56834411621094
6575,139.9748077392578
6576,139.67654418945312
6578,158.11529541015625
6580,139.9748077392578
6583,155.9384307861328
6584,144.37088012695312
6587,135.465576171875
6588,142.8133544921875
6591,118.46566772460938
6592,140.03591918945312
6596,171.203369140625
6597,155.55825805664062
6598,160.23812866210938
6605,139.9748077392578
6606,160.37864685058594
6610,123.37620544433594
6612,150.4189453125
6615,114.51947021484375
6620,166.50418090820312
6622,132.20272827148438
6623,129.16912841796875
6624,157.052001953125
6625,156.0736083984375
6626,135.83551025390625
6628,163.62295532226562
6630,106.94801330566406
6632,160.21847534179688
6633,131.93373107910156
6635,137.0125732421875
6637,160.02630615234375
6640,140.9711456298828
6643,165.3067626953125
6644,150.76043701171875
6645,150.95895385742188
6646,155.94204711914062
6647,108.6341552734375
6648,120.93024444580078
6649,139.9748077392578
6650,151.40032958984375
6652,135.91258239746094
6653,171.16064453125
6655,158.33033752441406
6656,134.03408813476562
6658,130.21275329589844
6659,160.29302978515625
6660,108.6341552734375
6661,141.61434936523438
6662,160.687255859375
6664,122.26228332519531
6667,164.48916625976562
6672,167.9959716796875
6674,158.8614044189453
6678,155.97125244140625
6682,133.2777099609375
6683,169.25486755371094
6684,155.38812255859375
6686,124.9464111328125
6687,164.03355407714844
6691,154.99392700195312
6695,137.4484100341797
6696,137.0809326171875
6697,136.03106689453125
6703,124.12274932861328
6705,156.0736083984375
6706,147.53341674804688
6708,170.8153839111328
6709,152.38050842285156
6710,139.36923217773438
6711,169.2484893798828
6714,139.9748077392578
6716,161.85525512695312
6717,135.65257263183594
6718,146.63136291503906
6719,179.07354736328125
6720,133.35348510742188
6726,122.55325317382812
6727,173.59584045410156
6728,155.14410400390625
6729,170.74732971191406
6730,162.2344970703125
6732,108.6341552734375
6733,151.85971069335938
6734,156.49940490722656
6740,167.46435546875
6742,131.59036254882812
6744,151.6535186767578
6746,192.95480346679688
6748,118.452392578125
6754,165.87533569335938
6758,139.4141082763672
6760,148.91256713867188
6762,139.65603637695312
6767,163.21815490722656
6769,135.53799438476562
6770,154.6917724609375
6772,140.71749877929688
6775,142.93992614746094
6776,142.72457885742188
6777,130.400146484375
6780,158.07608032226562
6782,149.7120361328125
6783,158.18080139160156
6785,136.5068817138672
6788,147.14248657226562
6789,153.76187133789062
6791,148.10882568359375
6792,142.2989501953125
6794,160.84555053710938
6796,146.83822631835938
6797,156.49163818359375
6799,140.93800354003906
6800,122.21096801757812
6801,165.0203399658203
6802,160.412353515625
6803,100.61043548583984
6804,136.4475555419922
6805,149.38442993164062
6808,141.57330322265625
6809,149.87405395507812
6811,140.61160278320312
6812,155.58523559570312
6813,142.42320251464844
6814,143.4461669921875
6821,142.91781616210938
6826,156.8354949951172
6827,151.88388061523438
6830,130.6551055908203
6835,117.7921142578125
6839,160.91258239746094
6841,144.60084533691406
6842,116.45372009277344
6844,154.40447998046875
6848,153.76187133789062
6849,142.91314697265625
6850,129.43270874023438
6854,161.97564697265625
6855,118.30790710449219
6856,165.99609375
6857,156.3299560546875
6859,167.7015380859375
6860,162.54400634765625
6862,150.0632781982422
6871,150.53590393066406
6872,142.731689453125
6873,161.97564697265625
6876,146.4828338623047
6879,128.25860595703125
6881,167.33444213867188
6882,132.47230529785156
6885,139.31106567382812
6887,159.4779510498047
6888,161.0821075439453
6889,139.20530700683594
6891,141.3039093017578
6892,139.65603637695312
6895,160.54107666015625
6896,146.61553955078125
6897,122.814453125
6898,126.90399932861328
6901,171.56448364257812
6902,125.08969116210938
6903,160.521484375
6907,177.6769561767578
6908,123.73003387451172
6909,155.41543579101562
6911,152.59915161132812
6914,125.29537963867188
6915,148.73829650878906
6916,171.3909454345703
6917,146.40176391601562
6918,137.15069580078125
6919,140.2103271484375
6921,158.40945434570312
6924,130.37245178222656
6925,174.21176147460938
6929,121.40977478027344
6930,159.46133422851562
6932,147.53793334960938
6934,147.72320556640625
6935,149.13009643554688
6938,187.3087921142578
6940,147.42315673828125
6948,160.91258239746094
6950,122.39332580566406
6952,151.9539031982422
6956,159.47482299804688
6957,168.51275634765625
6958,161.49331665039062
6959,147.14248657226562
6960,195.55328369140625
6961,125.08802795410156
6962,162.33480834960938
6965,157.57345581054688
6967,153.51882934570312
6969,166.58409118652344
6971,122.09529876708984
6973,154.59632873535156
6974,151.10299682617188
6975,178.58169555664062
6977,141.9169158935547
6979,161.05548095703125
6980,170.75636291503906
6982,122.8396224975586
6983,166.95068359375
6984,153.8213348388672
6988,156.16433715820312
6990,141.16062927246094
6992,145.3569793701172
6999,129.62765502929688
7000,152.1409912109375
7002,159.36087036132812
7004,136.0999298095703
7005,187.06686401367188
7007,139.65603637695312
7009,140.9225311279297
7015,147.0517578125
7016,137.40274047851562
7020,140.18682861328125
7021,144.6787109375
7022,127.95263671875
7029,160.412353515625
7032,174.92755126953125
7034,130.27587890625
7035,172.55999755859375
7038,149.13009643554688
7040,132.85299682617188
7041,139.68382263183594
7042,164.44471740722656
7043,161.97564697265625
7047,149.3397216796875
7048,151.32484436035156
7052,162.38827514648438
7053,165.99609375
7056,127.83977508544922
7058,142.6943359375
7059,168.4646453857422
7062,160.412353515625
7065,108.38774108886719
7066,171.45852661132812
7068,132.86697387695312
7069,158.40650939941406
7070,139.98353576660156
7072,134.34197998046875
7073,150.17845153808594
7076,183.2994384765625
7077,127.13920593261719
7084,152.72470092773438
7086,160.91258239746094
7087,163.58782958984375
7088,149.3397216796875
7089,157.50799560546875
7090,143.51327514648438
7091,137.70645141601562
7093,119.24431610107422
7095,160.521484375
7096,152.29710388183594
7097,150.48480224609375
7098,137.20370483398438
7099,158.849609375
7103,148.89149475097656
7111,121.70244598388672
7115,147.86923217773438
7119,152.51278686523438
7122,149.16094970703125
7125,153.06427001953125
7126,149.7872314453125
7128,149.3701629638672
7129,158.07608032226562
7130,141.84559631347656
7138,165.428955078125
7139,110.05314636230469
7140,171.50811767578125
7142,146.49819946289062
7143,135.88958740234375
7145,149.4714813232422
7146,164.25967407226562
7149,143.01211547851562
7153,130.80184936523438
7155,147.86923217773438
7158,147.430908203125
7160,176.96734619140625
7162,121.56375122070312
7165,147.33119201660156
7166,146.69583129882812
7168,156.0461883544922
7171,144.51483154296875
7172,130.61907958984375
7175,136.81765747070312
7176,152.86749267578125
7183,155.70761108398438
7190,143.16685485839844
7192,156.03237915039062
7194,163.7660369873047
7195,151.54299926757812
7196,141.0438232421875
7198,153.30865478515625
7202,155.45062255859375
7203,142.49102783203125
7205,155.43130493164062
7206,153.31478881835938
7208,128.69712829589844
7212,171.9219512939453
7215,157.3100128173828
7218,155.78526306152344
7219,142.91722106933594
7221,122.28958892822266
7222,159.6805419921875
7223,170.9805908203125
7228,158.40650939941406
7229,110.05314636230469
7230,145.14898681640625
7231,158.45358276367188
7232,151.88388061523438
7233,146.4405975341797
7235,144.8646240234375
7237,126.8888931274414
7238,153.51882934570312
7241,153.99578857421875
7243,147.53598022460938
7246,161.9742431640625
7254,139.65603637695312
7255,151.45382690429688
7257,153.99578857421875
7258,166.8858642578125
7259,153.31478881835938
7262,120.52220916748047
7263,142.1283416748047
7265,119.89987182617188
7266,154.0281982421875
7267,145.494140625
7268,137.88162231445312
7271,143.769287109375
7272,157.72064208984375
7274,146.4639129638672
7275,162.3125762939453
7276,129.9366912841797
7277,175.1425323486328
7278,130.32847595214844
7280,154.58523559570312
7282,122.11741638183594
7283,170.74713134765625
7288,151.6497802734375
7290,138.32351684570312
7291,133.09024047851562
7294,161.41818237304688
7295,147.79165649414062
7300,155.01559448242188
7302,128.44088745117188
7303,156.62649536132812
7305,146.84686279296875
7307,118.75104522705078
7310,155.2432861328125
7311,167.62159729003906
7315,159.84567260742188
7317,168.03555297851562
7318,166.05532836914062
7320,116.61900329589844
7322,164.33108520507812
7326,146.87615966796875
7327,145.97384643554688
7329,192.66439819335938
7331,155.2432861328125
7332,139.28866577148438
7333,159.24050903320312
7335,130.32847595214844
7336,138.5986328125
7340,131.88902282714844
7343,160.91748046875
7346,168.73419189453125
7348,141.03286743164062
7351,149.68939208984375
7352,158.65292358398438
7354,121.21717071533203
7359,136.236328125
7361,159.20223999023438
7362,153.10638427734375
7365,180.76168823242188
7367,131.83155822753906
7371,145.8198699951172
7372,153.541259765625
7376,161.74844360351562
7378,154.065185546875
7381,122.06452941894531
7384,155.01559448242188
7387,165.6616668701172
7388,156.35052490234375
7389,168.86441040039062
7390,164.0348663330078
7392,158.98130798339844
7393,162.69729614257812
7395,156.16702270507812
7398,121.7122802734375
7401,154.13104248046875
7402,161.11337280273438
7404,151.47450256347656
7406,151.43309020996094
7407,128.00863647460938
7409,138.36026000976562
7410,144.51834106445312
7411,182.6580047607422
7412,146.19534301757812
7413,122.85086059570312
7415,173.08253479003906
7418,139.894287109375
7424,140.27883911132812
7426,181.64694213867188
7427,149.5100860595703
7428,167.47933959960938
7429,97.422119140625
7431,162.3125762939453
7435,167.99957275390625
7439,146.62588500976562
7443,158.3289337158203
7444,130.2984619140625
7447,165.36151123046875
7449,137.58676147460938
7452,151.45303344726562
7453,116.50215148925781
7456,160.7123565673828
7458,139.4853057861328
7460,129.34210205078125
7461,141.67288208007812
7463,154.558837890625
7468,113.42289733886719
7470,142.2947235107422
7471,141.2117919921875
7474,160.8621063232422
7475,161.67518615722656
7476,158.33462524414062
7477,135.50546264648438
7478,150.89398193359375
7481,152.7794647216797
7482,126.47422790527344
7483,148.6797637939453
7485,158.91729736328125
7486,150.86947631835938
7487,121.24081420898438
7488,170.51419067382812
7489,105.29181671142578
7490,155.20834350585938
7492,135.61883544921875
7493,147.65011596679688
7496,155.37747192382812
7497,120.90824890136719
7498,155.8536376953125
7499,155.20834350585938
7500,128.27874755859375
7502,135.4192657470703
7506,161.53271484375
7507,151.24658203125
7512,124.76632690429688
7513,139.45249938964844
7514,159.20223999023438
7520,136.79928588867188
7523,137.44168090820312
7525,149.40316772460938
7530,141.0234375
7531,182.78768920898438
7532,136.90957641601562
7533,146.01715087890625
7535,150.29241943359375
7536,129.7720947265625
7539,159.22314453125
7542,128.2588348388672
7543,130.32847595214844
7544,138.21194458007812
7546,164.73025512695312
7547,158.32864379882812
7548,148.78785705566406
7549,151.5333251953125
7550,149.52386474609375
7552,161.7288818359375
7556,142.67868041992188
7557,144.89437866210938
7558,161.37937927246094
7559,148.75205993652344
7560,148.515869140625
7563,149.54270935058594
7568,164.30502319335938
7573,172.86166381835938
7575,145.61878967285156
7576,134.79501342773438
7577,162.22116088867188
7580,153.37631225585938
7581,160.82952880859375
7582,159.6357421875
7583,145.35227966308594
7584,149.8981475830078
7585,160.15118408203125
7588,139.07647705078125
7589,160.03341674804688
7591,126.28853607177734
7592,147.9202880859375
7596,205.96670532226562
7597,140.17880249023438
7598,170.00424194335938
7599,149.9506378173828
7605,146.83969116210938
7607,117.45805358886719
7609,149.16616821289062
7610,120.92718505859375
7611,137.80812072753906
7612,193.70956420898438
7614,145.30520629882812
7620,139.45249938964844
7621,171.7528076171875
7629,147.9202880859375
7630,147.8785858154297
7638,159.181884765625
7641,129.94378662109375
7642,169.36434936523438
7643,149.94430541992188
7646,127.43721008300781
7647,161.1765594482422
7651,130.5601806640625
7654,146.3857421875
7656,133.2147979736328
7657,169.7593994140625
7658,148.75205993652344
7660,148.9810791015625
7661,177.8849639892578
7663,148.1604766845703
7665,161.04959106445312
7667,149.857177734375
7671,160.11732482910156
7674,148.16192626953125
7675,162.0996856689453
7676,155.43643188476562
7677,150.48838806152344
7681,160.1667938232422
7682,156.6718292236328
7684,135.90176391601562
7686,153.31747436523438
7687,153.31747436523438
7689,143.7076873779297
7691,136.27325439453125
7694,158.24734497070312
7697,130.13705444335938
7700,149.43167114257812
7701,157.17762756347656
7705,153.6076202392578
7706,128.27874755859375
7708,155.0575714111328
7709,147.41136169433594
7710,155.21023559570312
7711,180.7191925048828
7712,124.00371551513672
7714,143.1998291015625
7716,142.10496520996094
7720,163.28009033203125
7723,132.42796325683594
7724,161.2248077392578
7726,156.37451171875
7728,156.27493286132812
7729,124.1313705444336
7731,135.0694580078125
7732,149.03106689453125
7734,146.84686279296875
7736,155.94876098632812
7737,132.85345458984375
7738,148.81507873535156
7739,135.047607421875
7743,153.10638427734375
7745,181.87396240234375
7746,153.72592163085938
7748,150.95416259765625
7749,161.9393310546875
7751,153.78611755371094
7753,156.63755798339844
7755,138.21194458007812
7759,134.1868896484375
7762,132.35842895507812
7764,170.66265869140625
7766,145.84434509277344
7769,146.5608673095703
7770,157.27932739257812
7772,144.42446899414062
7775,115.1107177734375
7777,122.61420440673828
7778,168.23516845703125
7780,114.4443130493164
7781,145.968505859375
7782,153.91119384765625
7784,149.78912353515625
7785,142.66722106933594
7788,133.51824951171875
7790,183.1351318359375
7792,142.60348510742188
7796,153.0884552001953
7797,158.21502685546875
7798,167.7601318359375
7801,140.5325927734375
7803,154.5533905029297
7804,135.22303771972656
7806,146.24229431152344
7809,104.95720672607422
7810,160.12570190429688
7812,153.40887451171875
7813,156.00927734375
7814,167.9052734375
7815,118.1710205078125
7816,170.99575805664062
7820,145.3743133544922
7821,150.10951232910156
7824,164.77613830566406
7826,166.38784790039062
7827,141.31329345703125
7829,163.10646057128906
7830,149.11441040039062
7831,183.50283813476562
7836,139.61935424804688
7838,138.8323974609375
7839,130.70394897460938
7841,108.85462951660156
7845,169.3973846435547
7847,126.57176208496094
7848,140.60035705566406
7849,161.02293395996094
7851,137.093017578125
7852,133.31161499023438
7854,150.6164093017578
7856,155.6049041748047
7857,149.650634765625
7859,167.78932189941406
7860,175.43060302734375
7861,112.12847900390625
7862,122.15938568115234
7864,138.37518310546875
7867,140.91888427734375
7870,163.2982177734375
7873,154.74240112304688
7875,130.2830047607422
7876,133.33856201171875
7880,178.22862243652344
7882,146.36251831054688
7884,146.24229431152344
7887,134.54490661621094
7888,159.9644775390625
7892,160.52101135253906
7895,162.86915588378906
7897,152.5182647705078
7899,160.29898071289062
7900,140.93878173828125
7903,154.22059631347656
7907,154.93118286132812
7908,136.73831176757812
7911,117.78416442871094
7912,143.76617431640625
7914,154.1236572265625
7915,130.22000122070312
7916,153.6553192138672
7917,128.39199829101562
7920,157.0567626953125
7921,110.62632751464844
7922,159.62440490722656
7924,152.41087341308594
7926,157.37474060058594
7928,138.83302307128906
7929,132.5173797607422
7931,143.0695343017578
7934,153.71475219726562
7936,146.00640869140625
7937,183.28546142578125
7938,122.17603302001953
7940,155.51437377929688
7941,114.75177001953125
7944,155.25108337402344
7947,155.68093872070312
7952,147.8631591796875
7953,154.840087890625
7954,161.65292358398438
7956,109.99600219726562
7957,124.71121215820312
7958,145.99169921875
7963,140.8294677734375
7969,166.44664001464844
7970,144.01821899414062
7972,139.14620971679688
7973,120.71029663085938
7975,143.49050903320312
7977,140.68228149414062
7979,171.41729736328125
7980,123.02828216552734
7981,151.51132202148438
7985,185.50238037109375
7987,139.63983154296875
7988,143.16680908203125
7990,153.40887451171875
7996,142.2196807861328
8000,154.26669311523438
8001,153.91119384765625
8003,145.9376983642578
8004,147.72915649414062
8005,128.50375366210938
8006,133.34225463867188
8008,158.2969970703125
8010,150.4720458984375
8012,144.68206787109375
8014,161.42205810546875
8016,109.99600219726562
8018,158.12777709960938
8020,152.06666564941406
8021,153.91119384765625
8022,155.53848266601562
8025,149.64352416992188
8028,134.52212524414062
8032,139.63983154296875
8034,122.17603302001953
8037,127.64704132080078
8038,158.10614013671875
8040,160.7620086669922
8041,122.15938568115234
8043,137.4655303955078
8045,149.64352416992188
8047,133.31161499023438
8051,133.19003295898438
8052,146.60975646972656
8055,157.73553466796875
8056,138.571044921875
8057,141.62109375
8058,157.98236083984375
8060,165.0426483154297
8063,146.9368438720703
8065,161.81756591796875
8069,153.70138549804688
8073,179.06735229492188
8074,121.29031372070312
8075,144.511962890625
8077,169.31988525390625
8078,140.5543975830078
8079,125.54385375976562
8082,176.49899291992188
8083,149.46649169921875
8085,154.116943359375
8086,142.02499389648438
8088,154.37242126464844
8092,167.84361267089844
8093,185.81790161132812
8095,114.75177001953125
8096,160.84986877441406
8097,144.27920532226562
8098,130.36767578125
8099,148.07298278808594
8102,130.17575073242188
8103,156.92642211914062
8104,161.52735900878906
8105,146.19808959960938
8106,124.742431640625
8107,139.890869140625
8108,172.83392333984375
8109,157.8762969970703
8113,108.25482177734375
8114,134.41387939453125
8117,140.88844299316406
8119,157.921142578125
8120,132.72451782226562
8122,139.69668579101562
8123,147.95143127441406
8124,173.3534698486328
8126,136.5655517578125
8130,151.65835571289062
8132,140.10394287109375
8133,144.497802734375
8134,145.02081298828125
8135,122.17603302001953
8136,150.59844970703125
8137,154.44253540039062
8144,155.86712646484375
8147,161.52735900878906
8149,169.070068359375
8150,169.83419799804688
8151,151.07403564453125
8152,129.05044555664062
8156,121.85840606689453
8157,150.03285217285156
8158,148.72610473632812
8159,150.23208618164062
8160,148.16355895996094
8164,118.1710205078125
8165,162.47462463378906
8167,149.03628540039062
8169,179.06735229492188
8171,125.46382141113281
8174,151.7477569580078
8175,160.22149658203125
8177,124.77644348144531
8178,160.81626892089844
8180,135.55213928222656
8183,163.189208984375
8185,128.36355590820312
8186,157.10906982421875
8187,156.19320678710938
8188,103.1884765625
8189,121.6348648071289
8192,109.4829330444336
8193,150.18377685546875
8195,152.1349639892578
8197,147.94642639160156
8200,148.06118774414062
8203,158.59481811523438
8204,134.71408081054688
8205,167.397705078125
8206,141.68853759765625
8209,159.95999145507812
8210,151.79037475585938
8212,159.8712158203125
8213,151.56198120117188
8215,144.03579711914062
8216,133.26751708984375
8219,121.76490020751953
8220,164.23150634765625
8221,124.69854736328125
8223,152.90606689453125
8224,135.85821533203125
8225,157.74110412597656
8226,153.25051879882812
8227,136.11834716796875
8228,153.2857208251953
8230,150.42010498046875
8232,153.02210998535156
8234,141.19534301757812
8235,115.98783874511719
8237,172.23602294921875
8239,149.1672821044922
8241,144.25775146484375
8242,136.2934112548828
8244,133.31710815429688
8245,120.85269927978516
8247,155.92636108398438
8248,162.99630737304688
8249,154.43701171875
8251,150.4322967529297
8252,154.07034301757812
8253,118.76405334472656
8255,118.7247314453125
8259,121.76490020751953
8262,141.5561981201172
8265,145.55380249023438
8266,177.9901580810547
8269,146.5143585205078
8270,134.65994262695312
8273,157.11700439453125
8274,159.1178741455078
8283,132.75135803222656
8284,162.82920837402344
8285,109.82014465332031
8286,155.7568359375
8290,139.01007080078125
8291,118.40958404541016
8292,135.82760620117188
8293,149.2123565673828
8295,168.7098846435547
8297,149.59475708007812
8298,141.7972412109375
8300,160.69091796875
8301,145.61172485351562
8303,134.090576171875
8304,153.31817626953125
8305,169.29977416992188
8306,146.43898010253906
8307,139.10952758789062
8309,166.9583740234375
8310,122.06201171875
8311,107.0948715209961
8312,130.576171875
8313,187.04075622558594
8318,151.0881805419922
8322,127.82123565673828
8324,145.23907470703125
8327,112.85345458984375
8329,158.24557495117188
8333,148.32012939453125
8335,147.55252075195312
8336,145.73193359375
8337,135.40225219726562
8340,164.78746032714844
8342,122.06201171875
8343,154.65228271484375
8344,133.2439727783203
8348,107.05795288085938
8350,135.43576049804688
8354,160.9415283203125
8356,130.08770751953125
8357,141.35861206054688
8362,159.1317596435547
8367,150.24160766601562
8368,154.21536254882812
8369,132.44021606445312
8371,140.9862060546875
8373,122.09510803222656
8374,146.27947998046875
8375,124.21446228027344
8378,110.43966674804688
8382,140.15164184570312
8383,137.8623046875
8384,168.8557891845703
8385,153.94879150390625
8387,144.25775146484375
8390,156.1302490234375
8392,124.9297866821289
8393,155.5126495361328
8395,132.11123657226562
8397,112.85345458984375
8399,154.51255798339844
8402,153.30523681640625
8403,123.70117950439453
8405,156.00360107421875
8406,166.69638061523438
8412,141.5741424560547
8415,162.07879638671875
8417,149.50534057617188
